200, ./OUTPUT/pa3-C-Output.txt
8.30 11.84 -10.55 8.30 11.85 -10.55 0.01
-37.53 -8.94 -9.95 -37.53 -8.94 -9.95 0.00
-32.25 -26.08 -15.19 -32.25 -26.08 -15.18 0.00
-41.73 -18.22 -28.99 -41.72 -18.22 -28.99 0.00
8.84 -7.21 62.31 8.84 -7.19 62.30 0.03
15.79 -10.32 7.73 15.79 -10.31 7.73 0.01
8.12 -8.34 -22.86 8.12 -8.34 -22.86 0.00
6.26 -12.76 4.57 6.26 -12.75 4.57 0.01
-38.18 -22.31 -34.27 -38.18 -22.31 -34.27 0.00
16.99 3.56 -22.07 16.99 3.56 -22.07 0.01
-9.14 25.05 25.54 -9.14 25.07 25.54 0.02
-23.91 -7.49 -5.84 -23.90 -7.49 -5.84 0.00
-2.27 24.17 24.87 -2.26 24.18 24.87 0.01
-4.67 -25.91 -22.90 -4.67 -25.92 -22.90 0.01
-37.67 4.74 -25.05 -37.67 4.74 -25.05 0.00
-29.40 7.83 -16.78 -29.40 7.83 -16.78 0.01
33.90 10.87 11.73 33.90 10.87 11.73 0.00
-18.12 12.16 -26.50 -18.12 12.16 -26.50 0.01
0.59 -6.51 62.96 0.60 -6.49 62.95 0.02
-27.55 -25.46 -41.99 -27.55 -25.45 -41.98 0.00
-20.30 -3.67 -4.09 -20.31 -3.67 -4.09 0.00
-9.16 9.69 7.55 -9.17 9.70 7.55 0.01
-7.14 5.24 36.45 -7.14 5.24 36.45 0.00
-21.13 7.34 -39.68 -21.13 7.34 -39.67 0.01
-9.30 6.10 27.78 -9.29 6.10 27.78 0.01
-37.87 -15.06 -41.33 -37.86 -15.06 -41.33 0.00
24.59 17.08 24.31 24.59 17.08 24.31 0.00
-9.74 -27.87 -17.86 -9.74 -27.87 -17.86 0.00
-1.10 -4.18 -29.00 -1.09 -4.18 -29.01 0.00
-24.30 -32.58 -29.11 -24.30 -32.58 -29.11 0.00
29.28 -3.10 15.31 29.27 -3.09 15.30 0.02
21.78 14.37 -30.19 21.78 14.37 -30.19 0.01
32.78 17.74 -4.19 32.78 17.74 -4.19 0.00
-10.36 -0.23 -43.18 -10.36 -0.23 -43.18 0.00
2.21 22.45 31.52 2.22 22.46 31.53 0.01
24.87 16.38 24.54 24.87 16.38 24.54 0.00
17.66 24.92 -23.51 17.66 24.92 -23.51 0.01
35.39 -4.18 6.24 35.38 -4.17 6.24 0.02
-6.24 0.77 48.43 -6.23 0.77 48.43 0.00
3.32 18.92 54.08 3.31 18.95 54.09 0.03
-3.80 -20.31 -11.94 -3.80 -20.31 -11.94 0.00
29.47 -9.64 -2.24 29.46 -9.63 -2.24 0.01
2.58 -6.93 47.80 2.58 -6.90 47.80 0.02
18.35 -8.04 12.25 18.35 -8.02 12.24 0.02
23.66 5.62 -30.16 23.66 5.62 -30.17 0.00
-7.83 10.21 5.20 -7.83 10.21 5.20 0.01
-28.04 10.85 -27.85 -28.04 10.85 -27.85 0.01
-43.04 -15.34 -23.77 -43.04 -15.34 -23.77 0.00
30.05 13.37 -25.61 30.06 13.38 -25.61 0.00
18.22 -6.76 18.02 18.22 -6.75 18.01 0.01
32.58 6.36 -25.22 32.58 6.36 -25.22 0.00
28.93 -11.82 -15.43 28.92 -11.80 -15.43 0.01
23.03 7.36 47.06 23.02 7.36 47.06 0.01
-28.08 3.05 -42.56 -28.07 3.05 -42.56 0.00
11.88 26.34 9.37 11.88 26.36 9.37 0.01
1.54 15.39 62.71 1.53 15.39 62.72 0.01
-10.53 -13.31 -1.36 -10.53 -13.30 -1.37 0.01
-3.25 17.92 9.78 -3.26 17.93 9.77 0.01
-12.52 2.45 -42.89 -12.52 2.45 -42.89 0.01
8.23 20.79 49.55 8.22 20.82 49.55 0.03
31.13 -5.92 9.80 31.12 -5.90 9.79 0.02
-23.22 -30.55 -36.26 -23.22 -30.55 -36.26 0.00
-0.35 -6.72 -29.27 -0.35 -6.72 -29.27 0.00
21.89 9.23 55.05 21.89 9.23 55.05 0.01
22.47 3.72 -29.00 22.47 3.73 -29.00 0.00
-10.53 -12.65 -0.33 -10.53 -12.65 -0.33 0.01
-18.70 -26.92 -41.58 -18.70 -26.92 -41.57 0.00
-18.59 -6.61 -48.38 -18.60 -6.61 -48.38 0.00
-5.18 18.60 12.34 -5.18 18.61 12.33 0.02
-2.93 -24.39 -24.21 -2.92 -24.40 -24.21 0.01
8.24 9.21 -13.70 8.24 9.21 -13.71 0.01
-31.26 -26.02 -39.14 -31.26 -26.02 -39.14 0.00
-9.30 6.47 28.21 -9.30 6.47 28.21 0.00
-2.48 -6.39 -35.38 -2.48 -6.39 -35.38 0.00
-41.74 -1.97 -21.20 -41.74 -1.97 -21.20 0.00
28.53 21.94 4.43 28.54 21.95 4.43 0.01
-18.90 -30.51 -16.60 -18.90 -30.52 -16.60 0.01
20.76 -3.93 32.05 20.75 -3.91 32.05 0.02
14.50 -7.32 18.29 14.49 -7.30 18.29 0.02
-23.10 -7.78 -5.18 -23.11 -7.78 -5.18 0.00
36.54 10.68 8.51 36.54 10.68 8.51 0.00
18.40 -10.97 4.40 18.39 -10.96 4.40 0.01
-1.49 -8.38 25.87 -1.49 -8.36 25.86 0.02
37.67 -0.67 -12.95 37.67 -0.67 -12.95 0.01
-14.76 11.22 -26.19 -14.76 11.22 -26.19 0.00
21.77 -6.37 15.35 21.77 -6.36 15.35 0.01
27.78 -5.76 12.72 27.78 -5.74 12.72 0.02
28.72 -0.34 -28.40 28.72 -0.34 -28.40 0.00
9.98 -7.42 21.76 9.98 -7.41 21.76 0.02
-39.82 -15.64 -35.58 -39.82 -15.64 -35.58 0.00
15.54 -5.88 31.71 15.54 -5.87 31.71 0.02
17.46 -4.53 43.16 17.46 -4.51 43.16 0.02
36.81 7.44 -13.93 36.81 7.44 -13.93 0.00
-37.70 1.21 -36.64 -37.69 1.21 -36.64 0.00
2.25 18.16 2.80 2.24 18.17 2.79 0.02
29.67 7.12 20.14 29.66 7.12 20.14 0.01
-21.97 -9.74 -49.33 -21.97 -9.75 -49.33 0.00
-33.34 -27.57 -34.10 -33.35 -27.57 -34.10 0.00
28.32 -12.11 -14.58 28.32 -12.10 -14.58 0.01
-4.49 -0.57 -31.61 -4.50 -0.57 -31.61 0.01
-10.85 5.21 -38.79 -10.85 5.21 -38.79 0.00
-4.98 -2.59 45.22 -4.97 -2.59 45.22 0.01
-22.89 -13.93 -5.85 -22.89 -13.93 -5.84 0.00
-29.37 -31.18 -25.59 -29.37 -31.19 -25.59 0.00
-22.34 -32.70 -25.04 -22.34 -32.70 -25.04 0.00
-13.32 16.44 17.49 -13.32 16.44 17.48 0.01
0.43 20.41 7.97 0.42 20.42 7.97 0.01
-2.73 -4.84 50.86 -2.72 -4.82 50.86 0.02
-39.28 -17.87 -15.06 -39.28 -17.87 -15.06 0.00
-9.28 2.36 23.59 -9.28 2.36 23.59 0.00
-21.07 7.14 -39.90 -21.07 7.13 -39.90 0.00
8.34 -13.83 2.40 8.34 -13.82 2.40 0.01
20.90 13.29 52.81 20.90 13.29 52.81 0.00
-41.02 -17.20 -18.11 -41.02 -17.20 -18.11 0.00
-19.85 3.58 -43.33 -19.85 3.58 -43.32 0.01
-30.41 6.19 -38.16 -30.41 6.19 -38.16 0.00
7.44 24.86 14.46 7.44 24.87 14.46 0.01
37.36 12.13 6.77 37.37 12.13 6.77 0.00
-31.76 7.68 -18.66 -31.76 7.68 -18.66 0.00
-29.51 -30.97 -23.95 -29.52 -30.98 -23.95 0.00
15.99 10.38 -21.71 15.99 10.38 -21.71 0.00
-7.08 7.93 41.61 -7.08 7.93 41.62 0.00
-5.94 -25.50 -33.10 -5.94 -25.50 -33.10 0.00
-31.86 -18.73 -8.56 -31.87 -18.73 -8.56 0.01
-3.19 24.12 21.28 -3.19 24.13 21.28 0.01
-9.63 -7.92 -46.50 -9.63 -7.92 -46.50 0.00
3.96 -3.95 -24.32 3.96 -3.95 -24.31 0.00
-2.18 17.25 48.20 -2.19 17.26 48.20 0.02
35.61 -3.90 -15.02 35.60 -3.90 -15.02 0.01
18.15 25.67 -12.10 18.15 25.69 -12.10 0.01
31.32 10.74 15.61 31.32 10.74 15.61 0.00
-7.07 4.83 -32.75 -7.07 4.83 -32.75 0.00
-40.33 -18.60 -17.82 -40.33 -18.61 -17.82 0.01
-16.78 10.17 -36.13 -16.78 10.16 -36.13 0.01
36.68 12.56 7.89 36.68 12.56 7.89 0.00
-36.23 3.82 -34.36 -36.23 3.81 -34.36 0.00
-2.01 -22.09 -31.82 -2.01 -22.09 -31.82 0.00
3.91 -15.71 -5.68 3.91 -15.71 -5.68 0.00
17.26 -17.46 -7.35 17.26 -17.45 -7.35 0.01
-31.10 -4.11 -9.46 -31.10 -4.11 -9.46 0.00
-43.05 -4.97 -20.34 -43.05 -4.97 -20.35 0.00
36.97 12.31 -8.47 36.98 12.31 -8.47 0.00
-6.74 2.98 51.74 -6.74 2.98 51.74 0.00
17.63 -16.10 -14.51 17.63 -16.09 -14.51 0.01
-11.60 21.65 18.73 -11.60 21.66 18.72 0.01
-12.09 -3.02 -46.17 -12.09 -3.02 -46.16 0.01
25.83 -6.53 11.80 25.83 -6.50 11.79 0.02
-14.60 -31.19 -22.23 -14.60 -31.20 -22.23 0.00
-16.79 4.95 -11.29 -16.79 4.95 -11.28 0.01
33.70 1.04 13.69 33.70 1.04 13.68 0.01
-7.10 25.04 26.39 -7.10 25.06 26.39 0.02
39.81 5.23 2.71 39.80 5.23 2.71 0.01
29.70 15.35 14.67 29.70 15.35 14.66 0.00
-26.94 -31.03 -19.29 -26.93 -31.03 -19.29 0.00
-14.81 11.99 26.62 -14.81 12.00 26.62 0.00
-11.24 11.10 15.07 -11.24 11.10 15.07 0.01
19.01 -4.77 32.29 19.00 -4.75 32.29 0.02
-37.76 -10.89 -42.27 -37.76 -10.89 -42.27 0.00
17.93 -5.54 29.33 17.92 -5.53 29.33 0.02
-40.94 -10.99 -31.05 -40.95 -10.99 -31.05 0.00
-4.21 13.44 59.48 -4.23 13.45 59.48 0.02
38.53 0.27 4.56 38.52 0.28 4.56 0.01
-9.87 -10.58 2.83 -9.87 -10.58 2.83 0.00
-11.06 6.47 1.90 -11.06 6.48 1.91 0.01
-28.93 -31.28 -24.02 -28.93 -31.28 -24.02 0.00
-7.77 -4.60 22.04 -7.77 -4.60 22.04 0.00
8.84 22.44 30.76 8.84 22.47 30.77 0.03
-40.88 -11.35 -15.19 -40.89 -11.35 -15.19 0.01
12.81 -6.16 35.16 12.81 -6.14 35.16 0.02
-4.48 16.78 10.17 -4.49 16.79 10.16 0.01
11.61 12.89 63.12 11.61 12.89 63.12 0.01
19.57 -0.64 55.47 19.56 -0.63 55.47 0.02
-19.10 8.83 -18.17 -19.10 8.83 -18.17 0.00
-22.45 10.42 -18.87 -22.45 10.42 -18.88 0.01
4.88 -14.16 -22.19 4.88 -14.16 -22.19 0.00
27.84 -12.45 -15.16 27.83 -12.44 -15.16 0.01
-16.06 11.73 -28.37 -16.07 11.72 -28.37 0.01
-38.87 -12.49 -12.52 -38.87 -12.49 -12.52 0.00
22.75 19.71 23.60 22.75 19.71 23.60 0.01
-11.88 -29.53 -19.90 -11.87 -29.53 -19.90 0.01
35.75 -3.35 7.91 35.74 -3.34 7.91 0.02
-3.86 14.85 50.83 -3.87 14.86 50.83 0.02
21.58 -11.16 -21.52 21.58 -11.16 -21.52 0.00
-13.92 14.95 33.52 -13.92 14.95 33.52 0.00
12.37 22.03 -15.51 12.36 22.03 -15.51 0.01
33.93 -6.30 -16.33 33.92 -6.29 -16.33 0.01
-30.79 -24.76 -40.92 -30.79 -24.76 -40.92 0.00
1.18 -2.16 -25.40 1.19 -2.16 -25.40 0.00
22.93 25.32 -3.29 22.94 25.33 -3.29 0.02
36.13 12.82 -11.75 36.13 12.82 -11.75 0.00
19.18 -8.63 -22.81 19.18 -8.62 -22.81 0.01
7.41 11.97 63.23 7.41 11.97 63.23 0.00
-19.60 -15.67 -48.38 -19.60 -15.67 -48.38 0.00
3.44 18.50 61.58 3.42 18.52 61.59 0.03
-34.55 7.54 -26.48 -34.54 7.53 -26.48 0.00
15.63 -12.95 2.94 15.62 -12.94 2.93 0.01
-23.37 9.67 -18.23 -23.37 9.67 -18.23 0.00
-0.81 -11.24 -34.49 -0.81 -11.24 -34.49 0.00
-15.90 17.81 22.12 -15.91 17.81 22.12 0.01
-12.61 8.25 -35.88 -12.60 8.25 -35.88 0.00
