200, ./OUTPUT/pa3-E-Output.txt
-39.08 -13.64 -40.23 -39.01 -13.63 -40.19 0.08
15.08 -13.64 1.57 15.10 -13.70 1.59 0.07
13.15 25.80 -6.79 13.15 25.84 -6.80 0.04
-31.60 -7.29 -46.63 -31.57 -7.30 -46.58 0.07
3.39 -7.72 27.99 3.38 -7.69 27.98 0.03
-28.60 -31.03 -31.06 -28.60 -31.04 -31.06 0.00
20.91 16.39 41.99 20.84 16.35 41.97 0.09
-37.60 -23.34 -34.13 -37.58 -23.33 -34.12 0.02
6.05 -7.43 26.76 6.06 -7.49 26.77 0.06
-21.06 -14.76 -48.60 -21.05 -14.75 -48.55 0.05
-9.97 -28.09 -34.80 -9.96 -28.12 -34.81 0.03
32.06 3.73 -25.75 32.08 3.73 -25.76 0.02
4.98 -12.33 6.32 4.98 -12.30 6.32 0.03
-5.83 -0.16 49.30 -5.88 -0.17 49.30 0.05
30.28 20.78 -0.55 30.29 20.79 -0.55 0.01
-6.95 25.12 24.37 -6.95 25.03 24.37 0.09
11.87 20.38 -22.84 11.83 20.40 -22.84 0.04
-12.57 4.79 7.82 -12.51 4.74 7.81 0.08
-32.73 -10.98 -46.48 -32.72 -10.98 -46.44 0.04
26.26 -6.13 12.33 26.26 -6.16 12.35 0.04
20.94 0.00 49.35 20.89 0.02 49.34 0.05
18.28 0.31 62.13 18.32 0.27 62.18 0.08
29.94 20.92 -1.47 29.98 20.98 -1.48 0.08
25.85 -9.13 3.38 25.85 -9.18 3.40 0.05
-14.51 -5.81 -47.72 -14.51 -5.82 -47.68 0.04
-35.10 -27.68 -26.64 -35.06 -27.62 -26.64 0.07
27.27 -7.24 9.61 27.26 -7.08 9.56 0.17
-3.08 -12.32 -39.49 -2.98 -12.34 -39.57 0.13
-5.12 24.83 24.75 -5.12 24.80 24.75 0.03
-4.43 24.49 22.99 -4.43 24.48 22.99 0.01
28.45 20.81 -20.62 28.34 20.69 -20.54 0.18
-39.70 -16.63 -14.72 -39.61 -16.59 -14.78 0.11
23.63 -12.22 -2.73 23.61 -12.19 -2.76 0.05
20.80 -10.70 -21.67 20.80 -10.68 -21.63 0.04
-35.30 -0.21 -41.05 -35.31 -0.21 -41.06 0.01
17.81 -17.17 -5.71 17.81 -17.14 -5.72 0.03
10.05 26.35 4.10 10.06 26.34 4.10 0.01
-15.95 -13.97 -48.50 -15.95 -13.97 -48.47 0.03
-43.17 -14.24 -23.15 -43.23 -14.26 -23.14 0.07
34.53 -4.25 -1.92 34.46 -4.19 -1.92 0.09
6.97 21.93 33.39 6.97 21.96 33.40 0.04
21.46 -0.58 44.36 21.43 -0.57 44.35 0.03
-8.03 18.07 39.28 -8.08 18.12 39.33 0.09
36.11 12.11 -12.46 36.22 12.13 -12.47 0.12
14.18 22.60 -27.21 14.12 22.66 -27.19 0.09
2.27 22.54 9.32 2.22 22.61 9.28 0.10
-25.61 -32.39 -26.90 -25.61 -32.39 -26.90 0.00
-15.00 -1.41 -46.82 -15.03 -1.44 -46.74 0.09
5.36 20.14 44.84 5.33 20.28 44.86 0.14
30.08 17.25 12.27 30.06 17.23 12.26 0.03
16.78 22.17 -28.55 16.77 22.16 -28.54 0.01
-3.42 -3.07 -32.81 -3.33 -3.05 -32.82 0.10
-17.50 -22.50 -45.04 -17.49 -22.52 -45.07 0.04
22.86 6.02 -30.20 22.90 6.03 -30.03 0.18
20.73 -9.06 5.83 20.75 -9.15 5.86 0.09
20.94 15.87 42.05 21.06 15.94 42.08 0.14
26.56 23.44 -7.81 26.56 23.43 -7.81 0.01
38.68 3.60 -11.95 38.64 3.60 -11.92 0.05
-16.43 -11.64 -2.63 -16.41 -11.60 -2.69 0.07
-33.08 -6.80 -8.86 -33.11 -6.76 -8.77 0.09
15.51 -8.60 -21.89 15.52 -8.57 -21.79 0.11
-2.10 16.15 53.98 -2.12 16.17 53.99 0.03
-5.22 0.19 62.60 -5.33 0.16 62.71 0.16
29.54 16.07 14.41 29.52 16.06 14.39 0.03
-2.05 -19.71 -35.16 -2.00 -19.75 -35.21 0.08
-8.90 6.21 28.67 -9.00 6.16 28.70 0.12
23.79 4.93 42.03 23.73 4.93 42.02 0.06
-0.24 -6.11 57.52 -0.31 -6.26 57.53 0.17
0.22 1.49 63.41 0.22 1.48 63.45 0.04
-4.43 11.64 1.71 -4.48 11.71 1.68 0.09
9.53 24.01 -5.39 9.62 23.91 -5.33 0.15
38.51 7.24 7.10 38.63 7.27 7.18 0.15
24.65 4.71 36.37 24.69 4.71 36.38 0.04
-36.98 -3.83 -41.54 -36.95 -3.84 -41.51 0.05
14.39 -5.04 58.44 14.38 -5.02 58.44 0.03
23.31 23.60 9.57 23.28 23.54 9.55 0.07
-1.92 -21.79 -32.91 -2.02 -21.74 -32.90 0.11
-40.02 -16.34 -33.00 -39.97 -16.33 -32.97 0.06
29.62 13.49 -26.15 29.57 13.44 -26.11 0.08
-2.90 18.43 44.56 -2.87 18.36 44.54 0.08
-11.17 -20.86 -9.55 -11.18 -20.90 -9.50 0.06
22.24 5.29 51.69 22.24 5.29 51.69 0.00
-7.82 7.83 -21.34 -7.80 7.84 -21.34 0.02
-0.84 18.31 7.37 -0.93 18.39 7.30 0.15
-33.89 -28.54 -27.76 -33.83 -28.46 -27.75 0.10
-14.81 -31.04 -33.08 -14.85 -30.90 -33.05 0.14
-27.18 11.23 -24.11 -27.19 11.24 -24.11 0.02
-29.87 6.97 -37.22 -29.88 6.99 -37.23 0.02
34.11 8.18 -22.01 34.12 8.18 -22.02 0.01
17.92 22.59 24.44 17.92 22.62 24.44 0.03
-10.00 -5.20 -45.63 -9.96 -5.18 -45.68 0.07
31.33 10.19 -26.38 31.30 10.18 -26.36 0.04
-12.15 -4.99 -47.01 -12.14 -4.99 -47.03 0.02
37.20 -1.64 -3.34 37.11 -1.55 -3.35 0.13
-3.72 -21.70 -35.73 -3.73 -21.69 -35.72 0.02
-25.50 -23.53 -43.89 -25.50 -23.50 -43.86 0.04
30.54 6.08 18.73 30.50 6.08 18.71 0.04
-35.29 -21.21 -12.56 -35.33 -21.25 -12.51 0.07
-35.44 -8.28 -8.62 -35.44 -8.29 -8.64 0.02
-12.98 -31.01 -29.26 -12.98 -31.01 -29.26 0.01
27.73 -7.41 -24.37 27.72 -7.39 -24.35 0.03
-2.81 6.96 63.33 -2.81 6.96 63.34 0.00
21.73 14.08 43.99 21.73 14.08 43.99 0.00
22.86 18.18 27.06 22.84 18.16 27.06 0.03
35.83 14.51 -8.25 35.79 14.48 -8.26 0.05
0.42 20.37 7.98 0.40 20.40 7.96 0.03
-15.66 -12.36 -48.60 -15.65 -12.36 -48.49 0.11
22.41 4.66 50.20 22.37 4.67 50.20 0.04
24.83 -12.27 -3.65 24.86 -12.34 -3.60 0.09
-1.02 24.11 24.50 -1.03 24.04 24.49 0.07
35.25 -4.19 -17.20 35.25 -4.20 -17.21 0.01
4.76 24.25 15.51 4.74 24.51 15.54 0.26
-4.28 -10.43 8.95 -4.28 -10.43 8.95 0.00
21.50 -10.62 -21.84 21.53 -10.54 -21.77 0.11
-12.52 -25.19 -41.50 -12.55 -25.15 -41.45 0.08
-5.06 -1.77 -38.64 -5.07 -1.78 -38.63 0.02
7.31 -15.40 -3.90 7.30 -15.44 -3.89 0.05
20.21 25.36 -20.87 20.20 25.34 -20.87 0.02
-0.08 -13.15 0.68 -0.09 -13.05 0.64 0.12
3.95 19.81 48.37 3.98 19.66 48.36 0.15
16.41 -7.65 15.55 16.40 -7.57 15.54 0.08
20.36 -2.28 44.87 20.13 -2.02 44.80 0.35
-6.44 12.75 44.90 -6.36 12.74 44.89 0.08
34.36 11.31 -20.33 34.22 11.27 -20.27 0.15
33.33 15.17 -16.76 33.36 15.18 -16.77 0.03
-7.69 8.22 -13.07 -7.69 8.19 -13.07 0.03
-4.93 0.33 -35.20 -4.99 0.30 -35.19 0.06
18.85 25.60 -12.46 18.84 25.70 -12.47 0.10
4.46 -16.64 -19.27 4.46 -16.64 -19.27 0.00
29.82 9.54 19.49 29.74 9.50 19.46 0.09
9.39 -7.38 21.16 9.41 -7.53 21.18 0.15
7.02 24.05 20.73 7.03 23.97 20.72 0.08
18.70 3.69 62.86 18.73 3.71 62.97 0.12
36.93 2.40 10.14 36.92 2.40 10.14 0.01
15.50 -4.65 56.36 15.45 -4.57 56.35 0.09
39.09 2.20 6.51 39.10 2.20 6.51 0.02
13.42 -5.65 56.22 13.47 -5.72 56.22 0.09
-12.19 -11.80 -47.40 -12.20 -11.79 -47.37 0.04
-0.44 -14.77 -34.51 -0.40 -14.77 -34.52 0.05
-5.69 10.63 57.04 -5.85 10.71 57.03 0.18
-19.62 -12.47 -4.40 -19.63 -12.49 -4.36 0.05
-15.67 -13.97 -4.09 -15.67 -13.99 -4.06 0.03
19.84 -7.49 -23.68 19.84 -7.45 -23.59 0.09
-22.04 -23.24 -8.44 -22.04 -23.26 -8.40 0.05
7.04 11.71 -10.31 7.07 11.64 -10.26 0.09
36.87 -2.54 -8.45 36.82 -2.49 -8.46 0.07
24.12 6.23 -30.44 24.14 6.24 -30.35 0.09
39.61 1.84 -3.54 39.61 1.84 -3.54 0.01
8.15 -15.38 -16.72 8.10 -15.28 -16.67 0.12
6.49 -14.20 -20.50 6.46 -14.17 -20.48 0.04
-17.36 11.07 -33.21 -17.36 11.10 -33.21 0.03
-44.20 -8.14 -25.65 -44.14 -8.16 -25.63 0.07
1.00 5.86 -19.69 0.99 5.84 -19.67 0.03
-40.47 -15.05 -31.76 -40.41 -15.06 -31.74 0.07
19.81 -13.66 -1.92 19.81 -13.66 -1.91 0.00
-16.41 10.19 -35.75 -16.42 10.16 -35.74 0.04
-9.48 -21.89 -10.46 -9.48 -21.92 -10.43 0.04
-5.50 -1.34 52.98 -5.48 -1.32 52.98 0.03
-8.89 17.52 14.21 -8.83 17.49 14.31 0.13
-6.50 4.60 -29.40 -6.40 4.68 -29.44 0.13
-35.71 3.74 -15.92 -35.63 3.67 -16.04 0.16
10.64 -6.86 56.49 10.62 -6.75 56.49 0.11
-20.69 2.66 -44.32 -20.71 2.60 -44.25 0.09
17.10 20.96 39.73 17.11 20.99 39.74 0.04
-23.86 -2.24 -47.71 -23.86 -2.23 -47.66 0.05
-28.63 6.33 -15.19 -28.62 6.35 -15.15 0.04
-6.65 4.21 36.47 -7.00 4.17 36.49 0.35
11.31 11.35 63.05 11.31 11.35 63.14 0.10
-6.55 -11.57 3.66 -6.57 -11.62 3.68 0.06
17.53 23.68 18.34 17.50 23.59 18.31 0.09
-31.07 -29.55 -20.95 -31.11 -29.63 -20.93 0.09
35.10 -3.78 -6.28 35.13 -3.81 -6.27 0.04
13.88 -12.43 4.59 13.89 -12.47 4.62 0.05
26.17 4.16 31.16 26.02 4.17 31.12 0.15
23.78 9.56 42.16 23.68 9.55 42.14 0.10
38.70 0.26 -11.10 38.80 0.20 -11.14 0.13
-13.42 19.54 33.85 -13.54 19.59 33.97 0.17
-19.99 -1.85 -4.69 -19.89 -1.92 -4.75 0.13
-8.81 5.72 28.91 -8.76 5.74 28.89 0.06
-39.84 -12.82 -35.37 -39.78 -12.84 -35.39 0.06
38.58 0.26 6.17 38.62 0.24 6.19 0.04
-3.26 -4.60 -36.00 -3.14 -4.54 -35.98 0.14
-5.66 -10.66 6.54 -5.69 -10.77 6.58 0.12
-19.46 -4.15 -2.58 -19.47 -4.15 -2.58 0.01
-39.16 -0.76 -36.36 -39.13 -0.78 -36.34 0.04
6.74 -6.67 49.27 6.77 -6.92 49.28 0.25
-17.08 -13.82 -4.60 -17.11 -13.88 -4.54 0.09
28.23 7.69 -30.00 28.19 7.70 -29.90 0.11
-20.40 -31.47 -17.65 -20.41 -31.54 -17.62 0.08
32.62 -6.50 1.33 32.65 -6.54 1.33 0.05
11.03 3.78 -18.36 11.04 3.77 -18.34 0.02
9.18 22.84 -6.31 9.21 22.82 -6.29 0.05
-28.36 -29.50 -35.52 -28.37 -29.53 -35.54 0.04
37.93 0.59 -13.74 37.89 0.59 -13.72 0.04
12.93 22.49 30.57 12.92 22.57 30.57 0.09
5.11 -13.07 -22.53 5.11 -13.07 -22.54 0.00
20.55 22.02 21.85 20.50 21.94 21.83 0.10
3.50 1.59 -22.23 3.47 1.54 -22.16 0.10
1.77 -12.01 6.77 1.79 -11.94 6.76 0.07
-15.76 13.75 26.32 -15.60 13.82 26.34 0.18
