200, ./OUTPUT/pa3-J-Output.txt
-29.27 5.93 -39.33 -29.26 5.91 -39.31 0.03
-34.09 2.77 -13.89 -34.07 2.72 -13.92 0.06
36.47 -2.33 8.20 36.50 -2.36 8.21 0.05
13.73 14.47 -15.91 13.79 14.48 -15.92 0.06
-28.64 -24.17 -43.00 -28.60 -24.06 -42.86 0.18
13.74 17.27 -30.19 13.72 17.26 -30.23 0.05
4.79 -12.82 -23.04 4.78 -12.82 -23.03 0.01
-39.22 -22.54 -21.12 -39.19 -22.52 -21.13 0.05
26.77 16.01 19.06 26.83 16.05 19.09 0.08
-2.53 -20.93 -15.15 -2.54 -20.91 -15.15 0.02
-6.84 -4.01 -42.33 -6.83 -4.01 -42.35 0.02
-40.43 -6.63 -37.16 -40.23 -6.64 -37.16 0.20
-39.33 -4.83 -38.42 -39.42 -4.80 -38.47 0.11
-16.11 15.38 29.97 -16.08 15.38 29.96 0.04
9.46 -2.56 63.33 9.46 -2.56 63.37 0.04
-44.03 -8.28 -23.45 -43.97 -8.29 -23.47 0.06
-11.84 -29.68 -33.12 -11.84 -29.69 -33.12 0.01
-4.67 -24.81 -19.70 -4.72 -24.76 -19.73 0.07
39.23 2.15 4.73 39.29 2.13 4.73 0.06
11.41 -6.45 47.21 11.40 -6.39 47.21 0.06
16.68 26.19 8.05 16.69 26.22 8.06 0.03
22.83 -10.56 -22.47 22.84 -10.54 -22.45 0.03
11.05 -6.89 24.79 11.06 -6.98 24.79 0.08
39.82 2.14 -4.84 39.93 2.06 -4.82 0.14
16.05 -17.47 -7.42 16.05 -17.54 -7.41 0.07
20.26 22.53 -26.42 20.25 22.51 -26.40 0.02
-40.37 -16.28 -32.53 -40.24 -16.27 -32.46 0.14
-1.52 -19.70 -34.74 -1.56 -19.68 -34.72 0.05
9.95 -15.54 -1.67 9.94 -15.64 -1.65 0.10
22.10 25.31 -8.58 22.07 25.24 -8.58 0.08
15.48 9.91 -19.19 15.54 9.92 -19.18 0.06
-25.43 -31.37 -33.64 -25.42 -31.35 -33.64 0.02
33.83 -5.44 6.32 33.90 -5.51 6.33 0.10
11.32 -6.89 26.94 11.29 -6.68 26.93 0.22
-5.73 -0.40 48.70 -5.81 -0.42 48.70 0.08
-5.93 14.24 9.26 -6.00 14.30 9.22 0.10
-38.62 0.54 -17.37 -38.59 0.51 -17.39 0.04
-42.58 -16.85 -25.10 -42.65 -16.89 -25.09 0.08
18.58 -1.28 58.64 18.62 -1.31 58.64 0.05
-6.07 -27.25 -26.87 -6.07 -27.25 -26.87 0.00
-5.47 -1.96 42.80 -5.39 -1.93 42.79 0.09
24.47 2.73 36.41 24.39 2.75 36.38 0.08
18.41 4.56 -24.14 18.45 4.57 -24.11 0.06
18.77 19.86 38.58 18.75 19.85 38.57 0.03
0.58 17.13 3.87 0.56 17.15 3.85 0.04
33.86 16.56 -11.54 33.90 16.59 -11.55 0.05
-4.66 17.85 43.47 -4.64 17.82 43.46 0.03
-39.02 -20.62 -34.93 -38.93 -20.57 -34.89 0.12
20.63 6.90 -28.87 20.64 6.90 -28.86 0.02
31.95 1.91 15.79 32.04 1.88 15.86 0.12
21.58 10.37 -30.48 21.54 10.31 -30.56 0.10
-33.55 -17.77 -9.22 -33.56 -17.78 -9.19 0.04
-37.65 -2.31 -39.72 -37.72 -2.27 -39.77 0.09
-0.79 23.80 16.51 -0.76 23.61 16.54 0.19
-16.24 1.50 -0.49 -16.24 1.50 -0.49 0.00
7.63 21.46 40.32 7.66 21.34 40.32 0.13
-6.65 2.53 38.60 -6.70 2.53 38.60 0.05
17.89 25.75 7.94 17.94 25.88 7.98 0.14
18.13 16.24 57.55 18.22 16.31 57.57 0.11
-6.07 -15.20 -3.01 -6.06 -15.15 -3.04 0.06
-36.18 2.00 -14.97 -36.18 2.00 -14.97 0.00
-1.73 1.78 -25.62 -1.71 1.80 -25.63 0.03
2.98 -3.29 -24.64 2.98 -3.29 -24.63 0.00
-41.73 -1.59 -22.77 -41.72 -1.60 -22.78 0.02
13.50 24.30 -10.97 13.45 24.39 -11.00 0.11
-3.63 22.27 35.08 -3.63 22.30 35.09 0.03
-12.33 -28.33 -17.30 -12.33 -28.44 -17.24 0.13
24.25 24.68 -6.39 24.18 24.52 -6.39 0.17
7.12 -16.39 -13.41 7.11 -16.33 -13.41 0.06
23.91 1.52 37.28 23.80 1.57 37.26 0.13
-15.43 3.39 -5.77 -15.48 3.46 -5.74 0.09
-42.03 -13.61 -18.11 -42.03 -13.61 -18.12 0.00
-25.52 -4.43 -8.39 -25.55 -4.39 -8.34 0.06
14.68 -6.59 24.19 14.68 -6.59 24.19 0.00
39.46 1.65 -4.52 39.55 1.59 -4.51 0.11
28.04 11.56 21.05 28.18 11.60 21.09 0.15
24.63 16.64 24.54 24.71 16.68 24.57 0.09
29.26 9.54 -29.26 29.23 9.51 -29.22 0.06
-14.78 -7.87 1.87 -14.78 -7.87 1.86 0.01
-29.44 -14.12 -47.16 -29.44 -14.12 -47.17 0.00
-7.62 -22.96 -39.55 -7.59 -22.99 -39.57 0.04
-15.44 -0.35 3.20 -15.54 -0.34 3.24 0.11
-43.23 -6.41 -20.46 -43.27 -6.41 -20.44 0.04
-2.98 14.95 5.29 -2.86 14.84 5.35 0.17
-10.75 -28.49 -18.42 -10.72 -28.53 -18.41 0.06
32.95 -7.40 -12.86 33.03 -7.47 -12.84 0.10
-36.00 -22.15 -38.56 -35.95 -22.11 -38.53 0.08
5.49 -12.77 4.24 5.49 -12.77 4.24 0.00
-27.91 -25.59 -10.98 -27.95 -25.63 -10.91 0.09
-40.32 -14.34 -31.63 -40.32 -14.34 -31.63 0.00
30.90 16.62 11.59 30.94 16.66 11.64 0.08
-9.71 9.06 -21.29 -9.71 9.06 -21.29 0.00
31.88 -7.72 -3.25 31.90 -7.73 -3.25 0.03
-2.65 5.99 63.37 -2.65 5.99 63.34 0.03
-43.59 -12.69 -23.65 -43.62 -12.70 -23.64 0.03
-1.36 5.42 -21.93 -1.36 5.39 -21.91 0.03
-6.63 9.10 51.00 -6.49 9.06 50.99 0.15
-0.77 -0.47 -25.84 -0.72 -0.44 -25.88 0.06
20.54 3.85 -26.85 20.50 3.83 -26.87 0.05
19.06 -17.12 -7.38 19.04 -17.04 -7.39 0.07
-5.63 10.76 53.82 -5.86 10.86 53.85 0.26
29.50 3.17 20.30 29.56 3.17 20.33 0.07
-14.34 -1.67 -46.79 -14.36 -1.71 -46.68 0.13
19.72 15.39 51.54 19.79 15.43 51.56 0.09
3.21 -7.43 30.40 3.21 -7.52 30.40 0.08
23.23 10.34 44.84 23.17 10.33 44.84 0.06
-2.36 14.01 2.85 -2.33 13.98 2.87 0.04
32.76 16.40 9.32 32.77 16.41 9.32 0.02
-6.17 2.48 -35.15 -6.16 2.49 -35.15 0.01
-11.63 8.33 -34.19 -11.62 8.37 -34.20 0.04
28.07 22.49 -5.31 28.02 22.44 -5.32 0.07
-1.02 -16.25 -35.96 -1.07 -16.23 -35.93 0.06
24.83 -10.46 -0.27 24.85 -10.60 -0.21 0.15
-8.20 -12.23 0.92 -8.23 -12.39 1.00 0.18
-21.99 -10.06 -4.21 -21.99 -10.06 -4.21 0.01
2.54 0.65 63.45 2.54 0.66 63.44 0.02
23.75 1.62 37.59 23.75 1.62 37.59 0.01
5.01 -12.22 9.66 4.99 -12.14 9.63 0.08
18.98 21.70 26.15 19.03 21.80 26.17 0.12
-9.12 7.82 30.81 -9.12 7.82 30.81 0.01
12.04 2.87 63.02 12.04 2.87 63.05 0.03
-3.78 24.00 19.99 -3.78 24.05 19.98 0.06
1.43 -4.13 -25.98 1.49 -4.10 -26.06 0.10
-10.76 -28.08 -36.00 -10.79 -28.02 -35.97 0.07
35.64 -3.41 -8.31 35.73 -3.51 -8.30 0.13
17.68 22.77 24.13 17.66 22.72 24.13 0.05
-37.09 -11.27 -43.16 -37.15 -11.27 -43.21 0.08
-2.09 0.54 -27.08 -2.14 0.51 -27.04 0.07
12.26 -7.72 18.00 12.26 -7.71 18.00 0.00
15.44 -6.53 22.52 15.46 -6.64 22.53 0.11
11.25 21.66 41.42 11.24 21.73 41.44 0.07
16.59 19.52 -30.50 16.58 19.50 -30.47 0.04
-18.37 -31.98 -31.86 -18.35 -32.08 -31.88 0.11
29.25 20.99 -18.33 29.19 20.91 -18.30 0.10
-6.57 9.41 56.13 -6.42 9.37 56.13 0.15
27.77 -0.83 -28.86 27.76 -0.82 -28.85 0.02
-14.51 13.60 19.38 -14.45 13.62 19.42 0.08
-7.81 14.06 11.60 -7.90 14.14 11.52 0.14
38.41 -0.09 0.97 38.34 -0.05 0.96 0.09
3.69 -13.43 0.27 3.69 -13.42 0.27 0.01
9.54 -16.05 -10.09 9.53 -16.08 -10.10 0.03
-34.38 7.42 -29.25 -34.34 7.37 -29.23 0.07
38.16 11.04 -4.03 38.19 11.06 -4.03 0.04
-36.70 5.72 -25.59 -36.68 5.69 -25.59 0.03
-6.74 -20.10 -10.08 -6.74 -20.10 -10.08 0.00
2.43 -9.49 20.21 2.40 -9.37 20.19 0.12
-15.37 -10.45 -0.79 -15.35 -10.43 -0.80 0.03
8.79 -5.80 -22.32 8.78 -5.77 -22.26 0.07
31.26 16.09 11.96 31.23 16.07 11.95 0.04
-15.20 -27.72 -39.43 -15.19 -27.76 -39.46 0.05
22.85 14.02 36.39 22.98 14.09 36.42 0.16
-11.27 -27.53 -37.58 -11.27 -27.52 -37.57 0.01
-17.62 -0.61 -0.95 -17.52 -0.65 -0.99 0.11
30.78 18.39 10.13 30.78 18.40 10.13 0.00
-1.70 -6.12 37.71 -1.67 -6.04 37.70 0.09
-4.07 24.47 23.00 -4.08 24.41 23.01 0.06
-9.42 -29.01 -29.44 -9.40 -29.05 -29.45 0.04
2.07 19.41 47.68 2.09 19.30 47.67 0.11
-15.87 -15.78 -47.79 -15.87 -15.77 -47.77 0.02
-5.49 15.83 9.91 -5.38 15.75 9.97 0.15
-0.13 -10.37 -30.52 -0.12 -10.36 -30.52 0.01
-0.11 17.86 52.00 -0.15 17.91 52.01 0.06
-26.41 7.65 -38.02 -26.42 7.70 -38.05 0.06
24.75 -13.29 -6.58 24.80 -13.39 -6.56 0.12
38.06 9.18 -9.52 38.02 9.17 -9.50 0.04
-12.02 -30.61 -28.97 -12.01 -30.63 -28.97 0.02
-0.12 -17.11 -33.21 -0.22 -17.09 -33.21 0.09
-28.38 8.68 -17.76 -28.35 8.61 -17.80 0.09
-1.88 -5.44 50.85 -1.84 -5.36 50.85 0.09
0.29 11.79 63.26 0.29 11.79 63.27 0.01
18.42 6.09 62.60 18.42 6.09 62.61 0.00
0.83 -11.23 10.94 0.84 -11.19 10.93 0.04
-12.30 -30.22 -32.25 -12.32 -30.19 -32.24 0.04
-28.41 -4.24 -47.03 -28.43 -4.23 -47.05 0.03
-20.99 -20.69 -6.98 -20.99 -20.67 -7.01 0.04
-5.05 10.47 -0.84 -5.06 10.49 -0.84 0.02
-21.90 -12.47 -49.14 -21.90 -12.47 -49.14 0.00
12.55 23.68 22.69 12.55 23.66 22.69 0.01
30.05 16.77 13.02 30.02 16.74 13.00 0.05
-29.03 -25.75 -40.99 -29.02 -25.73 -40.96 0.04
-18.27 -17.84 -47.47 -18.27 -17.84 -47.47 0.00
20.56 25.70 -11.83 20.55 25.66 -11.83 0.04
-9.20 23.20 19.22 -9.21 23.22 19.21 0.02
-29.00 -27.73 -38.31 -29.01 -27.75 -38.33 0.03
-4.29 18.77 11.91 -4.34 18.82 11.85 0.09
-6.86 7.55 50.49 -6.85 7.55 50.49 0.01
19.98 14.85 52.99 19.92 14.81 52.98 0.08
-5.15 -2.36 42.04 -5.24 -2.40 42.05 0.10
36.12 7.19 -17.82 36.12 7.19 -17.82 0.00
13.88 -1.93 63.05 13.88 -1.92 63.06 0.02
25.00 23.55 6.58 25.01 23.58 6.58 0.03
-18.54 -10.31 -49.12 -18.54 -10.30 -49.13 0.01
-5.03 -24.87 -19.38 -5.01 -24.89 -19.37 0.03
-2.57 4.73 63.38 -2.57 4.73 63.37 0.01
-3.53 -16.93 -39.31 -3.47 -16.96 -39.36 0.08
19.41 17.32 -30.56 19.42 17.34 -30.58 0.02
37.38 4.05 -14.11 37.35 4.04 -14.09 0.04
-24.67 4.71 -13.97 -24.67 4.71 -13.96 0.00
-13.08 -0.57 9.11 -13.15 -0.58 9.13 0.07
4.04 -17.02 -10.11 4.07 -17.10 -10.09 0.09
