200, ./OUTPUT/pa3-D-Output.txt
34.95 2.83 12.30 34.94 2.83 12.29 0.01
-8.25 -28.00 -30.98 -8.25 -27.99 -30.98 0.01
-8.92 -27.67 -18.70 -8.92 -27.67 -18.70 0.00
-13.58 -19.39 -45.51 -13.58 -19.38 -45.50 0.01
-21.14 -5.91 -48.36 -21.14 -5.91 -48.36 0.00
11.42 0.28 63.15 11.42 0.28 63.15 0.00
-37.39 -25.49 -26.17 -37.41 -25.50 -26.17 0.02
-0.04 17.96 5.62 -0.06 17.98 5.61 0.03
23.27 8.71 45.72 23.26 8.70 45.72 0.01
12.49 26.12 10.84 12.48 26.15 10.86 0.03
33.91 -4.96 -3.24 33.88 -4.93 -3.24 0.04
-5.80 -22.11 -38.27 -5.81 -22.11 -38.26 0.01
22.04 25.70 -3.06 22.04 25.72 -3.06 0.02
-9.25 12.50 12.15 -9.27 12.51 12.14 0.02
4.13 23.48 23.99 4.13 23.51 24.00 0.03
-2.85 -20.25 -12.81 -2.85 -20.24 -12.81 0.02
26.01 -2.25 23.23 25.98 -2.22 23.22 0.04
-32.84 -25.11 -38.75 -32.84 -25.12 -38.76 0.01
-33.75 -21.40 -41.52 -33.75 -21.40 -41.53 0.01
26.29 -4.56 16.81 26.28 -4.53 16.80 0.03
7.58 13.55 63.15 7.58 13.55 63.14 0.01
2.35 -10.57 -26.31 2.34 -10.57 -26.30 0.02
7.90 23.77 22.39 7.90 23.80 22.39 0.03
-13.82 -29.62 -18.34 -13.82 -29.62 -18.34 0.00
-7.77 10.55 38.83 -7.78 10.55 38.84 0.01
0.99 -10.78 14.30 0.99 -10.76 14.29 0.02
30.36 20.72 -0.33 30.37 20.73 -0.33 0.01
-31.60 -29.71 -29.64 -31.60 -29.72 -29.64 0.01
-6.93 5.12 48.33 -6.92 5.12 48.33 0.00
31.92 1.09 -25.68 31.90 1.09 -25.67 0.02
18.84 20.52 35.83 18.85 20.53 35.83 0.01
-14.00 19.15 19.11 -14.02 19.15 19.10 0.03
-32.08 8.97 -24.77 -32.08 8.98 -24.77 0.01
-39.29 2.93 -25.02 -39.29 2.93 -25.02 0.01
28.95 -8.92 2.24 28.94 -8.89 2.23 0.03
-26.84 -32.02 -22.66 -26.85 -32.04 -22.66 0.02
-40.16 -15.06 -15.08 -40.18 -15.06 -15.07 0.02
33.96 0.97 -22.80 33.94 0.97 -22.79 0.02
10.51 1.56 63.15 10.51 1.56 63.16 0.00
12.22 25.94 -5.13 12.21 25.97 -5.14 0.04
-20.44 -26.21 -10.40 -20.44 -26.22 -10.39 0.01
25.42 20.63 -23.73 25.42 20.63 -23.73 0.00
-37.32 -11.75 -43.02 -37.32 -11.75 -43.02 0.01
9.88 -6.50 37.44 9.87 -6.46 37.44 0.04
32.05 10.19 -25.31 32.04 10.19 -25.30 0.01
-10.80 -15.18 -46.17 -10.81 -15.17 -46.16 0.02
-37.83 0.92 -36.74 -37.84 0.93 -36.75 0.02
-2.23 2.87 -25.02 -2.24 2.86 -25.02 0.01
14.25 21.41 -29.30 14.25 21.42 -29.32 0.02
37.63 -1.22 -4.63 37.60 -1.19 -4.63 0.04
21.53 18.86 30.02 21.53 18.86 30.02 0.01
4.43 -7.07 39.54 4.44 -7.03 39.54 0.04
20.36 -13.53 -18.20 20.36 -13.52 -18.18 0.02
-30.90 6.26 -37.45 -30.91 6.27 -37.45 0.01
16.02 -4.87 49.33 16.00 -4.82 49.33 0.06
-21.39 -27.85 -12.45 -21.39 -27.85 -12.44 0.01
-40.87 -14.70 -16.31 -40.88 -14.71 -16.30 0.02
-32.41 -24.77 -13.55 -32.42 -24.78 -13.54 0.01
34.05 -5.45 5.43 34.02 -5.42 5.43 0.04
35.95 4.29 11.14 35.94 4.29 11.12 0.02
-27.97 10.49 -21.76 -27.97 10.49 -21.76 0.00
-16.00 7.68 -15.28 -16.00 7.69 -15.28 0.01
-14.69 -29.56 -36.16 -14.70 -29.54 -36.15 0.01
-4.72 3.28 63.09 -4.72 3.28 63.09 0.00
7.86 -6.80 45.06 7.86 -6.77 45.06 0.03
-30.60 9.88 -25.21 -30.60 9.88 -25.21 0.00
-13.01 1.98 9.51 -13.03 1.98 9.52 0.02
-25.19 -29.26 -15.07 -25.19 -29.26 -15.07 0.01
-0.45 -10.10 -31.61 -0.47 -10.11 -31.60 0.02
4.63 -7.44 57.68 4.64 -7.39 57.68 0.05
-9.51 7.30 -8.65 -9.52 7.32 -8.65 0.02
31.95 15.13 -21.13 31.94 15.13 -21.12 0.02
15.48 27.14 -1.59 15.47 27.17 -1.58 0.03
14.84 23.55 -24.40 14.82 23.58 -24.40 0.04
-1.12 17.11 6.07 -1.14 17.12 6.06 0.03
24.58 -4.21 20.66 24.56 -4.18 20.65 0.04
-6.51 9.01 57.88 -6.55 9.02 57.88 0.03
15.72 25.75 -9.65 15.71 25.77 -9.66 0.03
-4.56 -0.49 -34.77 -4.58 -0.49 -34.77 0.02
-0.51 17.75 51.19 -0.54 17.79 51.20 0.04
35.87 -2.82 -3.16 35.84 -2.79 -3.17 0.04
21.84 21.99 18.01 21.85 22.01 18.01 0.02
-9.18 -21.28 -42.79 -9.19 -21.27 -42.78 0.01
23.29 -5.25 19.41 23.27 -5.21 19.40 0.04
25.39 10.63 -30.24 25.38 10.63 -30.22 0.01
13.51 -16.89 -9.88 13.51 -16.87 -9.87 0.02
19.51 25.33 -22.67 19.51 25.36 -22.67 0.03
-24.29 -32.50 -23.15 -24.29 -32.51 -23.15 0.01
14.78 12.41 -17.60 14.76 12.40 -17.60 0.03
-5.39 17.50 11.61 -5.40 17.51 11.59 0.02
7.82 -5.80 63.42 7.82 -5.80 63.42 0.00
0.81 15.07 0.12 0.80 15.09 0.11 0.03
-0.40 -12.28 -33.87 -0.42 -12.29 -33.87 0.02
-31.78 -11.27 -46.69 -31.78 -11.27 -46.69 0.00
-9.64 -1.52 18.04 -9.65 -1.52 18.04 0.01
-13.30 -12.81 -47.74 -13.30 -12.81 -47.72 0.02
6.93 23.73 22.31 6.93 23.76 22.32 0.03
16.55 18.71 53.16 16.56 18.72 53.16 0.02
14.60 21.62 43.09 14.61 21.65 43.09 0.02
-8.67 7.37 31.25 -8.67 7.37 31.25 0.00
19.89 25.62 -13.86 19.89 25.65 -13.86 0.03
36.96 7.87 -13.04 36.94 7.86 -13.03 0.02
-4.05 23.47 17.82 -4.05 23.50 17.81 0.03
7.83 20.28 55.16 7.81 20.32 55.16 0.04
-36.77 -9.76 -43.58 -36.78 -9.76 -43.59 0.01
-13.88 -10.63 0.12 -13.88 -10.63 0.13 0.00
4.89 -7.68 26.96 4.88 -7.66 26.95 0.03
-16.02 -31.84 -30.37 -16.02 -31.83 -30.37 0.00
-6.91 -11.41 3.92 -6.91 -11.40 3.91 0.01
3.86 -8.31 24.60 3.86 -8.29 24.60 0.03
17.78 13.86 62.71 17.78 13.87 62.72 0.01
-23.74 -0.84 -47.12 -23.74 -0.85 -47.11 0.01
25.58 23.68 -15.78 25.58 23.68 -15.78 0.00
37.02 5.81 -14.64 37.00 5.80 -14.63 0.02
-0.49 -20.51 -27.23 -0.50 -20.51 -27.23 0.01
28.47 -8.58 3.85 28.45 -8.55 3.84 0.03
-3.86 -9.90 13.52 -3.86 -9.88 13.51 0.02
22.61 9.92 49.20 22.60 9.92 49.19 0.01
-2.70 -22.93 -19.61 -2.71 -22.92 -19.61 0.02
-4.66 -1.40 62.96 -4.66 -1.40 62.96 0.00
-39.18 2.80 -29.43 -39.19 2.81 -29.43 0.01
21.71 8.57 56.97 21.69 8.57 56.96 0.01
-27.84 4.89 -40.96 -27.83 4.89 -40.96 0.01
19.94 -1.54 48.44 19.92 -1.52 48.44 0.03
14.99 21.76 36.69 15.00 21.79 36.69 0.03
-8.55 7.98 32.98 -8.56 7.97 32.98 0.01
-5.97 -24.79 -34.94 -5.97 -24.78 -34.94 0.01
-4.70 15.80 9.32 -4.72 15.82 9.30 0.03
-40.08 -6.90 -14.23 -40.10 -6.89 -14.22 0.02
-18.77 -22.67 -8.57 -18.76 -22.67 -8.56 0.01
-4.09 13.90 57.19 -4.12 13.92 57.20 0.04
15.68 -17.40 -6.36 15.68 -17.37 -6.37 0.03
3.79 21.42 3.28 3.76 21.44 3.27 0.04
-7.78 -26.64 -18.23 -7.78 -26.64 -18.23 0.00
-6.74 3.24 51.49 -6.74 3.24 51.49 0.00
33.39 13.21 -20.41 33.39 13.21 -20.40 0.01
-34.09 -26.42 -17.63 -34.10 -26.43 -17.63 0.02
-34.98 -21.40 -12.37 -34.99 -21.41 -12.36 0.02
-24.92 -12.10 -6.13 -24.92 -12.10 -6.12 0.01
-12.25 19.80 35.10 -12.27 19.81 35.11 0.02
18.39 23.94 15.25 18.40 23.97 15.25 0.03
-18.81 -12.52 -49.06 -18.81 -12.51 -49.04 0.02
2.55 23.27 28.03 2.55 23.29 28.03 0.02
13.78 12.25 63.12 13.78 12.25 63.12 0.01
-8.15 2.04 27.65 -8.16 2.04 27.65 0.01
34.57 6.12 -21.70 34.56 6.11 -21.69 0.02
-28.07 -6.27 -8.30 -28.07 -6.27 -8.29 0.00
-24.41 -28.75 -14.20 -24.41 -28.76 -14.19 0.01
-8.99 -0.32 22.53 -8.99 -0.32 22.53 0.01
19.83 20.46 29.86 19.83 20.47 29.86 0.01
8.56 21.77 34.99 8.55 21.80 34.99 0.04
3.02 -11.87 9.80 3.02 -11.87 9.80 0.01
-39.81 -16.16 -34.02 -39.83 -16.16 -34.02 0.02
23.89 24.52 -11.01 23.89 24.53 -11.01 0.00
29.17 -2.95 15.92 29.15 -2.92 15.91 0.04
-18.44 -32.46 -29.79 -18.44 -32.46 -29.79 0.00
10.51 -13.36 4.14 10.51 -13.34 4.13 0.03
-7.48 18.88 39.17 -7.49 18.89 39.18 0.03
1.71 20.50 6.10 1.68 20.53 6.09 0.04
-20.85 -18.19 -47.66 -20.85 -18.19 -47.65 0.01
23.49 -7.62 8.87 23.48 -7.59 8.86 0.03
17.16 1.76 62.96 17.16 1.76 62.96 0.00
32.49 15.44 -19.20 32.48 15.44 -19.20 0.01
-7.10 -0.34 -40.26 -7.12 -0.35 -40.25 0.02
8.32 4.25 63.05 8.32 4.25 63.05 0.00
-12.58 7.20 -12.88 -12.58 7.22 -12.88 0.02
-11.85 -30.50 -29.31 -11.85 -30.50 -29.31 0.00
29.51 12.78 17.50 29.50 12.78 17.50 0.01
22.64 -4.10 25.05 22.62 -4.06 25.04 0.04
-38.07 -11.93 -41.89 -38.07 -11.93 -41.90 0.01
-7.07 5.44 50.50 -7.08 5.44 50.50 0.01
-31.76 7.63 -18.58 -31.76 7.63 -18.57 0.01
-7.02 6.53 54.04 -7.04 6.53 54.04 0.02
-18.85 -4.46 -1.82 -18.86 -4.47 -1.81 0.01
1.62 2.60 -22.34 1.62 2.60 -22.33 0.01
-29.24 7.42 -36.76 -29.24 7.42 -36.76 0.01
-0.64 -6.12 44.47 -0.63 -6.10 44.46 0.03
-15.02 13.60 30.78 -15.02 13.60 30.78 0.01
-12.76 22.13 31.25 -12.78 22.15 31.26 0.04
19.15 16.58 -31.01 19.15 16.59 -31.03 0.02
-4.57 20.45 38.69 -4.57 20.47 38.70 0.02
12.23 18.03 -17.99 12.21 18.02 -17.99 0.02
-40.64 0.72 -29.52 -40.65 0.73 -29.52 0.02
-15.10 -31.75 -29.02 -15.10 -31.74 -29.02 0.01
11.69 -6.42 -21.89 11.69 -6.42 -21.88 0.00
19.20 25.13 -23.51 19.20 25.15 -23.52 0.02
-5.01 3.11 -28.50 -5.03 3.10 -28.49 0.02
1.56 1.00 -23.77 1.55 0.99 -23.76 0.02
-1.02 19.67 9.01 -1.05 19.69 9.00 0.04
-3.11 -5.19 42.28 -3.09 -5.17 42.28 0.02
-22.52 -32.38 -22.63 -22.52 -32.40 -22.63 0.01
6.47 15.67 63.19 6.47 15.67 63.18 0.01
8.33 -16.10 -5.47 8.34 -16.07 -5.47 0.03
-37.95 -8.38 -10.74 -37.97 -8.38 -10.73 0.02
20.17 14.85 51.45 20.18 14.85 51.46 0.01
-9.65 7.22 -8.30 -9.66 7.24 -8.30 0.02
1.91 -17.91 -10.20 1.90 -17.89 -10.20 0.01
24.87 14.31 -28.74 24.87 14.31 -28.75 0.01
-0.63 10.82 63.31 -0.63 10.82 63.31 0.00
19.54 -1.20 -23.64 19.54 -1.20 -23.64 0.01
