200, ./OUTPUT/pa3-F-Output.txt
15.03 -5.71 35.44 15.02 -5.66 35.44 0.05
-16.33 -1.12 1.37 -16.41 -1.11 1.41 0.09
20.84 -11.73 0.37 20.83 -11.71 0.36 0.02
-25.49 -23.08 -8.46 -25.49 -23.07 -8.48 0.01
3.19 -5.38 63.41 3.19 -5.38 63.46 0.05
35.81 5.37 -19.27 35.71 5.38 -19.23 0.11
-39.98 -22.05 -23.36 -39.87 -21.97 -23.38 0.13
-6.86 9.18 -1.97 -6.83 9.13 -1.96 0.06
-28.29 -29.59 -35.80 -28.25 -29.46 -35.72 0.15
7.66 12.78 -9.58 7.69 12.75 -9.49 0.11
14.61 24.84 14.20 14.63 24.93 14.22 0.10
1.09 -5.93 -27.25 1.10 -5.92 -27.26 0.02
12.79 23.89 20.68 12.80 23.97 20.69 0.09
9.72 22.88 -6.73 9.64 22.94 -6.79 0.12
-25.56 11.30 -22.89 -25.57 11.36 -22.87 0.06
23.45 11.85 42.14 23.20 11.77 42.12 0.27
22.12 25.60 0.69 22.10 25.55 0.69 0.05
-5.64 -0.59 57.14 -5.73 -0.62 57.14 0.10
-40.59 1.12 -24.50 -40.56 1.10 -24.51 0.03
-19.12 -30.61 -16.89 -19.08 -30.73 -16.78 0.17
33.63 16.55 -1.75 33.72 16.63 -1.77 0.12
14.87 25.70 10.98 14.88 25.78 11.01 0.09
-9.91 17.61 37.90 -10.04 17.66 38.03 0.19
6.57 20.68 -3.62 6.49 20.74 -3.65 0.10
-16.57 5.25 -42.31 -16.58 5.28 -42.35 0.05
11.81 24.05 20.64 11.80 24.03 20.64 0.01
31.50 -6.98 6.57 31.52 -7.02 6.59 0.04
-12.84 11.00 20.02 -12.86 10.98 20.01 0.03
-35.43 3.29 -36.96 -35.47 3.34 -37.01 0.08
23.58 -10.28 0.91 23.59 -10.32 0.93 0.04
18.95 19.78 -29.09 18.97 19.81 -29.12 0.05
-18.33 6.53 -41.11 -18.31 6.44 -41.04 0.12
-18.76 -5.87 -48.43 -18.77 -5.88 -48.37 0.07
11.39 25.53 -4.80 11.33 25.66 -4.83 0.15
13.31 -5.74 53.32 13.36 -5.83 53.32 0.10
-27.42 -30.58 -18.13 -27.34 -30.48 -18.18 0.14
-11.50 -30.03 -30.43 -11.45 -30.11 -30.44 0.09
-1.72 15.56 61.65 -1.72 15.55 61.65 0.00
-4.61 14.35 7.74 -4.65 14.38 7.71 0.06
-37.84 -22.74 -34.82 -37.75 -22.69 -34.78 0.10
-22.33 10.63 -34.73 -22.33 10.67 -34.73 0.03
8.01 -15.12 -2.07 7.99 -15.18 -2.06 0.07
-32.61 -22.89 -41.45 -32.57 -22.84 -41.39 0.08
20.33 -10.78 2.32 20.36 -10.84 2.35 0.08
-5.33 -3.40 36.75 -5.37 -3.43 36.76 0.05
21.63 -2.95 33.81 21.62 -2.94 33.80 0.02
27.05 -3.97 -26.88 27.09 -3.87 -26.75 0.17
-26.56 -8.61 -6.89 -26.57 -8.60 -6.87 0.02
40.57 3.60 -4.77 40.60 3.60 -4.77 0.03
28.22 22.03 -6.15 28.36 22.21 -6.14 0.23
2.49 21.13 36.88 2.49 21.23 36.90 0.11
11.56 4.52 62.80 11.56 4.52 62.96 0.17
28.61 3.31 22.28 28.67 3.30 22.30 0.06
12.60 11.24 63.01 12.60 11.24 63.11 0.10
17.79 -10.19 -20.85 17.82 -10.11 -20.75 0.14
-42.84 -16.32 -23.85 -42.74 -16.28 -23.86 0.11
2.80 21.98 6.81 2.85 21.93 6.83 0.07
-20.52 -11.34 -49.66 -20.54 -11.33 -49.50 0.16
31.27 -3.26 -25.56 31.22 -3.25 -25.52 0.07
-35.77 2.78 -37.48 -35.75 2.75 -37.46 0.04
-11.82 -15.50 -4.23 -11.82 -15.52 -4.22 0.03
22.73 -1.22 34.50 22.85 -1.33 34.55 0.17
-0.25 -14.77 -33.91 -0.24 -14.77 -33.92 0.01
-14.82 10.92 -30.11 -14.86 10.84 -30.10 0.09
-3.74 -17.95 -8.25 -3.75 -17.85 -8.30 0.11
19.62 23.74 14.80 19.61 23.71 14.79 0.04
-39.79 -16.46 -14.91 -39.76 -16.45 -14.93 0.03
-3.52 -8.93 -40.48 -3.49 -8.92 -40.51 0.04
-5.41 -10.42 7.21 -5.46 -10.59 7.27 0.19
-10.93 -7.45 6.51 -10.96 -7.48 6.52 0.04
-8.19 17.66 13.86 -8.15 17.64 13.93 0.09
19.75 25.69 6.97 19.72 25.59 6.94 0.11
-42.99 -16.74 -25.81 -42.82 -16.66 -25.82 0.19
-25.27 -26.69 -11.50 -25.27 -26.72 -11.46 0.05
-5.12 -25.43 -20.41 -5.09 -25.45 -20.40 0.03
-42.44 -7.32 -18.20 -42.49 -7.32 -18.16 0.06
17.91 25.71 -11.61 17.91 25.76 -11.62 0.05
-5.53 -24.74 -34.61 -5.64 -24.62 -34.56 0.17
12.66 23.73 -11.50 12.65 23.75 -11.51 0.02
-11.14 8.14 -16.97 -11.11 8.25 -16.92 0.12
13.58 7.45 62.85 13.56 7.43 63.03 0.19
9.66 20.09 -9.89 9.64 20.10 -9.90 0.02
-30.22 -19.88 -7.97 -30.22 -19.87 -7.98 0.01
12.18 -6.10 60.96 12.21 -6.19 60.96 0.09
32.03 5.12 -26.25 31.93 5.13 -26.20 0.10
-7.78 25.03 25.78 -7.78 25.09 25.78 0.06
7.62 25.26 13.70 7.65 25.08 13.67 0.19
21.61 -2.31 37.20 21.40 -2.11 37.16 0.29
-3.14 -21.08 -14.95 -3.12 -21.13 -14.94 0.06
24.62 -6.22 -25.71 24.62 -6.15 -25.55 0.18
1.81 18.51 57.08 1.90 18.27 57.05 0.26
3.83 -8.87 21.71 3.79 -8.74 21.69 0.14
24.69 -8.74 -24.36 24.67 -8.67 -24.25 0.13
7.19 -16.07 -5.48 7.23 -15.87 -5.51 0.21
11.72 19.82 -21.83 11.67 19.84 -21.83 0.05
36.44 -1.87 8.92 36.52 -1.90 8.96 0.09
-40.41 -7.07 -14.55 -40.39 -7.08 -14.57 0.03
22.44 -15.16 -6.86 22.46 -15.19 -6.85 0.04
-9.12 -4.71 14.46 -9.30 -4.81 14.50 0.21
3.14 -17.74 -18.54 3.08 -17.65 -18.52 0.11
-5.35 15.45 9.77 -5.42 15.49 9.73 0.08
35.55 14.81 -9.93 35.60 14.85 -9.94 0.07
3.05 -15.87 -23.34 3.01 -15.84 -23.32 0.05
-9.08 -25.25 -14.83 -9.08 -25.25 -14.83 0.00
-8.16 -26.46 -17.91 -8.01 -26.60 -17.82 0.22
38.50 10.70 -0.40 38.54 10.73 -0.40 0.05
-3.35 24.02 19.70 -3.35 23.99 19.70 0.03
9.80 22.50 31.71 9.80 22.39 31.70 0.11
-4.68 13.40 57.16 -4.58 13.32 57.15 0.12
17.52 -16.89 -12.46 17.52 -16.91 -12.46 0.01
-6.30 -4.47 27.33 -6.29 -4.46 27.33 0.00
-34.29 5.22 -17.56 -34.42 5.34 -17.53 0.18
9.20 26.15 6.06 9.20 26.17 6.06 0.02
24.98 14.16 27.56 25.08 14.21 27.59 0.12
-0.28 -11.39 -31.53 -0.16 -11.37 -31.56 0.12
25.74 -5.27 15.06 25.75 -5.32 15.07 0.05
8.34 -14.88 -0.51 8.34 -14.89 -0.51 0.02
7.63 -7.26 62.45 7.63 -7.30 62.46 0.05
-5.05 12.22 54.42 -5.13 12.26 54.43 0.10
-14.81 -10.70 -48.44 -14.82 -10.71 -48.39 0.06
-6.97 4.39 36.12 -7.05 4.38 36.13 0.08
-31.16 9.53 -25.38 -31.17 9.54 -25.38 0.01
-11.36 22.00 18.90 -11.36 22.01 18.89 0.01
13.55 21.67 -28.94 13.54 21.71 -29.01 0.09
0.83 16.05 1.85 0.80 16.10 1.83 0.06
14.06 -17.47 -5.98 14.06 -17.37 -6.00 0.10
15.62 16.32 62.54 15.66 16.36 62.64 0.12
-10.24 12.24 13.72 -10.17 12.22 13.76 0.09
36.02 13.22 7.82 36.10 13.29 7.86 0.11
-37.50 -1.07 -39.54 -37.40 -1.14 -39.46 0.15
-40.23 -7.65 -37.87 -40.10 -7.65 -37.84 0.13
32.04 -0.25 -25.35 32.07 -0.25 -25.38 0.04
-15.34 0.70 3.02 -15.35 0.71 3.03 0.02
-12.89 -5.96 5.68 -12.98 -5.99 5.75 0.12
-1.10 -15.14 -36.13 -1.10 -15.14 -36.12 0.01
-2.24 21.01 38.55 -2.23 20.92 38.51 0.10
17.75 20.61 40.07 17.71 20.57 40.05 0.06
-27.16 -4.62 -47.94 -27.16 -4.63 -47.93 0.01
-0.65 -6.54 35.38 -0.71 -6.77 35.43 0.24
-9.64 -28.08 -34.32 -9.60 -28.14 -34.35 0.09
-2.88 -20.36 -13.32 -2.84 -20.44 -13.28 0.10
4.98 -17.24 -13.06 4.90 -17.07 -13.05 0.19
-7.57 2.36 30.47 -7.62 2.35 30.48 0.05
33.18 7.35 -24.09 33.21 7.35 -24.10 0.03
2.14 -6.88 44.66 2.14 -6.82 44.66 0.06
29.24 13.25 17.42 29.34 13.32 17.48 0.14
-17.60 2.85 -7.92 -17.57 2.82 -7.93 0.04
-7.19 8.78 41.81 -7.11 8.78 41.79 0.09
-2.35 5.39 -22.20 -2.35 5.41 -22.21 0.02
7.05 20.26 -5.57 7.12 20.24 -5.53 0.09
-4.29 -2.88 53.97 -4.34 -2.92 53.96 0.06
-4.85 -18.58 -39.95 -4.87 -18.57 -39.93 0.03
18.71 25.86 -11.16 18.71 25.82 -11.16 0.04
31.59 6.87 -26.85 31.63 6.88 -26.88 0.05
-8.12 23.33 33.47 -8.11 23.32 33.47 0.01
-7.19 14.70 41.26 -7.34 14.73 41.31 0.16
-36.27 -26.10 -31.32 -36.17 -26.00 -31.30 0.14
-12.42 -31.02 -25.87 -12.45 -30.95 -25.88 0.08
-5.36 8.99 -5.28 -5.43 9.11 -5.30 0.14
2.47 -11.94 -26.19 2.43 -11.94 -26.15 0.05
-12.12 8.20 -35.46 -12.13 8.18 -35.45 0.03
-24.78 -32.34 -30.95 -24.76 -32.26 -30.93 0.09
21.91 4.67 53.43 21.86 4.68 53.42 0.06
-19.19 -5.56 -2.37 -19.22 -5.57 -2.32 0.06
14.96 14.72 63.00 14.95 14.72 63.13 0.14
29.97 -8.80 0.20 30.03 -8.88 0.21 0.10
-6.60 11.27 44.81 -6.59 11.27 44.81 0.01
-19.67 -32.72 -28.53 -19.67 -32.70 -28.53 0.01
-28.33 -25.38 -41.64 -28.34 -25.39 -41.65 0.02
-14.72 -13.48 -48.56 -14.73 -13.45 -48.46 0.11
-36.86 -18.71 -12.33 -36.89 -18.72 -12.31 0.03
34.04 15.84 7.05 34.11 15.90 7.09 0.10
-28.72 -24.30 -10.29 -28.74 -24.34 -10.26 0.06
-10.09 24.40 29.47 -10.06 24.33 29.46 0.08
-3.62 18.79 10.96 -3.60 18.77 10.97 0.03
-39.61 2.59 -27.11 -39.53 2.53 -27.11 0.10
17.07 -3.21 55.77 17.14 -3.28 55.78 0.09
31.91 -7.39 -5.84 31.94 -7.41 -5.84 0.04
18.23 16.34 58.81 18.12 16.25 58.80 0.14
-43.14 -3.57 -26.70 -43.07 -3.60 -26.71 0.08
-9.03 -12.50 0.55 -9.03 -12.50 0.55 0.00
-4.97 -4.74 33.12 -4.93 -4.71 33.10 0.05
-0.64 -9.06 22.86 -0.64 -9.14 22.87 0.07
-6.53 -27.46 -26.50 -6.47 -27.55 -26.49 0.11
-7.45 -6.19 20.20 -7.34 -6.11 20.18 0.14
6.19 19.89 51.65 6.11 20.10 51.67 0.23
-32.67 3.10 -39.82 -32.65 3.07 -39.80 0.04
32.94 -7.62 -13.04 32.93 -7.61 -13.04 0.01
-21.87 -31.05 -16.95 -21.83 -30.92 -17.00 0.14
-25.99 -31.78 -32.43 -25.98 -31.72 -32.42 0.06
12.20 21.11 -15.20 12.08 21.14 -15.22 0.13
2.45 -5.21 -25.70 2.45 -5.21 -25.69 0.01
-3.09 -4.30 54.41 -3.19 -4.40 54.40 0.14
7.48 -7.33 62.29 7.48 -7.37 62.31 0.04
12.69 15.82 -27.42 12.79 15.87 -27.40 0.11
7.75 -8.36 -23.03 7.75 -8.37 -23.02 0.01
-12.76 -25.10 -41.60 -12.76 -25.11 -41.61 0.01
-8.40 -12.16 1.53 -8.40 -12.11 1.50 0.06
-26.41 -29.19 -37.37 -26.43 -29.23 -37.39 0.05
-6.43 -19.45 -9.67 -6.43 -19.46 -9.66 0.01
