200, ./OUTPUT/pa3-B-Output.txt
38.13 3.02 -13.07 38.13 3.02 -13.07 0.00
38.93 8.59 -6.11 38.93 8.59 -6.11 0.00
16.54 22.38 28.70 16.54 22.39 28.70 0.01
13.15 20.87 54.19 13.15 20.87 54.19 0.00
25.15 23.38 -19.32 25.15 23.38 -19.32 0.00
-8.53 -12.75 0.24 -8.53 -12.75 0.24 0.00
29.42 19.26 -20.97 29.42 19.26 -20.97 0.00
19.31 17.95 42.64 19.31 17.95 42.64 0.00
17.57 -11.66 3.84 17.57 -11.66 3.85 0.00
37.46 -1.18 -0.15 37.46 -1.18 -0.15 0.00
-15.49 -29.85 -17.56 -15.49 -29.85 -17.56 0.00
31.86 19.12 -7.74 31.86 19.12 -7.74 0.00
29.74 14.19 15.68 29.74 14.19 15.68 0.01
-41.81 -17.90 -21.82 -41.81 -17.90 -21.82 0.00
0.37 -11.70 7.10 0.37 -11.70 7.10 0.00
-41.76 -14.34 -17.87 -41.76 -14.34 -17.87 0.00
-32.67 8.52 -28.65 -32.67 8.52 -28.65 0.00
-16.64 -30.59 -18.53 -16.64 -30.59 -18.53 0.00
19.19 -0.41 60.03 19.19 -0.41 60.03 0.00
17.16 -15.44 -2.58 17.16 -15.44 -2.58 0.00
31.48 -5.48 10.41 31.48 -5.48 10.41 0.00
31.37 12.59 -24.61 31.37 12.59 -24.61 0.00
31.01 5.45 17.77 31.01 5.45 17.77 0.00
4.61 10.58 -11.44 4.61 10.58 -11.44 0.00
-2.01 18.42 45.24 -2.01 18.42 45.24 0.00
32.79 18.23 3.81 32.80 18.23 3.81 0.01
-7.15 1.10 32.83 -7.15 1.10 32.83 0.00
-19.00 -7.88 -2.72 -19.00 -7.88 -2.72 0.00
2.51 -7.80 28.04 2.51 -7.81 28.04 0.00
-21.81 -13.50 -48.80 -21.81 -13.50 -48.80 0.00
-20.83 -32.71 -29.41 -20.83 -32.71 -29.41 0.00
1.23 -3.56 -26.11 1.23 -3.56 -26.11 0.00
32.01 0.88 15.49 32.01 0.88 15.49 0.00
-8.11 8.64 36.13 -8.11 8.64 36.13 0.00
-0.30 -10.06 -31.13 -0.30 -10.06 -31.13 0.00
-18.29 -29.60 -37.80 -18.29 -29.60 -37.80 0.00
-1.31 -10.85 12.26 -1.31 -10.85 12.26 0.00
36.82 3.63 -15.28 36.82 3.63 -15.28 0.00
-7.59 -9.87 6.60 -7.59 -9.87 6.59 0.00
-9.37 13.66 38.01 -9.37 13.66 38.01 0.00
1.98 14.52 -2.43 1.98 14.52 -2.43 0.00
-16.37 5.08 -11.24 -16.37 5.08 -11.24 0.00
17.92 17.11 54.30 17.92 17.12 54.30 0.00
-41.53 -13.57 -17.05 -41.53 -13.56 -17.06 0.01
34.96 15.43 -7.51 34.97 15.43 -7.51 0.01
-35.46 -14.83 -44.13 -35.46 -14.83 -44.13 0.00
24.26 -7.31 9.37 24.26 -7.30 9.37 0.01
-22.99 -14.95 -48.38 -22.99 -14.95 -48.38 0.00
1.73 18.91 50.49 1.73 18.90 50.49 0.01
11.64 18.02 -22.93 11.64 18.02 -22.93 0.00
8.83 22.60 -5.94 8.83 22.60 -5.94 0.00
3.59 3.55 -20.50 3.59 3.55 -20.50 0.00
-15.47 -28.32 -14.99 -15.47 -28.32 -14.99 0.00
-4.69 13.56 51.91 -4.70 13.56 51.91 0.00
-39.20 3.00 -27.08 -39.20 2.99 -27.08 0.01
-0.84 -5.86 47.82 -0.84 -5.85 47.82 0.00
-32.81 2.20 -13.39 -32.81 2.20 -13.39 0.00
26.32 6.10 30.53 26.32 6.10 30.53 0.01
-36.34 -7.05 -43.10 -36.34 -7.05 -43.10 0.00
22.07 -11.56 -0.65 22.07 -11.55 -0.65 0.00
-4.21 -23.21 -34.45 -4.21 -23.21 -34.45 0.00
-31.09 8.09 -33.24 -31.09 8.09 -33.24 0.01
36.00 4.60 11.03 36.00 4.60 11.03 0.00
19.37 26.32 -5.53 19.37 26.32 -5.54 0.01
-11.31 6.81 20.95 -11.31 6.81 20.95 0.00
-31.83 -27.17 -16.11 -31.83 -27.17 -16.11 0.01
-13.14 -11.67 -47.73 -13.14 -11.67 -47.74 0.00
-7.74 -3.59 24.68 -7.74 -3.59 24.68 0.00
34.25 14.46 -15.52 34.26 14.46 -15.52 0.00
22.38 20.35 22.58 22.38 20.35 22.58 0.00
17.83 16.74 57.59 17.83 16.75 57.59 0.00
-29.90 -29.49 -34.34 -29.90 -29.48 -34.33 0.01
-29.62 7.03 -37.36 -29.61 7.03 -37.36 0.00
1.44 18.07 57.26 1.44 18.07 57.26 0.00
-29.36 -5.00 -8.96 -29.36 -5.00 -8.96 0.00
-20.73 -20.43 -46.98 -20.73 -20.43 -46.98 0.00
-43.58 -5.80 -27.26 -43.58 -5.80 -27.26 0.00
18.67 15.31 -31.20 18.67 15.31 -31.19 0.00
-10.58 -18.40 -44.79 -10.58 -18.40 -44.79 0.00
17.08 -4.51 45.37 17.08 -4.52 45.38 0.01
15.20 21.93 35.55 15.20 21.93 35.55 0.00
14.15 26.33 -5.77 14.15 26.34 -5.77 0.00
-5.31 -1.79 57.91 -5.32 -1.79 57.91 0.00
-34.22 -19.62 -10.49 -34.22 -19.62 -10.49 0.00
8.17 24.02 20.80 8.17 24.02 20.80 0.00
4.19 -9.88 -24.92 4.19 -9.88 -24.92 0.00
-42.93 -12.96 -20.64 -42.92 -12.95 -20.64 0.01
26.46 -12.36 -8.92 26.46 -12.36 -8.91 0.00
-0.24 -7.43 31.14 -0.24 -7.43 31.14 0.00
11.79 27.05 1.41 11.79 27.06 1.41 0.00
30.89 7.80 -27.73 30.89 7.80 -27.73 0.00
2.41 -7.88 27.82 2.41 -7.88 27.82 0.00
16.06 18.14 58.18 16.06 18.14 58.18 0.01
36.61 8.27 -14.44 36.62 8.27 -14.44 0.00
15.55 24.37 -19.99 15.54 24.37 -19.99 0.01
-6.66 -7.81 16.14 -6.66 -7.81 16.13 0.00
12.55 -11.75 6.00 12.55 -11.75 6.00 0.00
-2.62 -4.89 50.05 -2.61 -4.88 50.05 0.00
3.27 9.08 63.37 3.27 9.08 63.38 0.01
-12.74 -26.36 -40.26 -12.74 -26.36 -40.26 0.01
33.47 17.14 -6.81 33.48 17.14 -6.81 0.01
-29.46 -30.90 -29.91 -29.46 -30.89 -29.91 0.01
-17.03 1.27 -2.24 -17.04 1.27 -2.24 0.00
29.79 4.63 -28.62 29.79 4.63 -28.62 0.00
15.99 -9.33 -21.19 15.99 -9.33 -21.19 0.01
7.76 -8.16 -22.85 7.76 -8.16 -22.85 0.00
-3.20 18.31 10.01 -3.19 18.31 10.02 0.00
-34.16 -28.31 -25.13 -34.15 -28.31 -25.13 0.01
4.92 -7.30 32.73 4.92 -7.30 32.73 0.00
18.23 -5.50 27.80 18.23 -5.49 27.80 0.01
-43.30 -6.51 -20.54 -43.30 -6.51 -20.54 0.00
-6.51 -27.39 -24.64 -6.51 -27.39 -24.64 0.00
8.55 -7.29 24.37 8.55 -7.28 24.37 0.01
22.84 -14.01 -4.62 22.84 -14.00 -4.62 0.00
18.41 -5.49 27.45 18.41 -5.49 27.45 0.00
20.85 20.62 27.15 20.85 20.62 27.15 0.00
-7.69 -26.54 -34.85 -7.69 -26.54 -34.85 0.00
-11.39 -13.34 -46.97 -11.39 -13.34 -46.97 0.00
-38.36 -10.65 -41.61 -38.36 -10.65 -41.61 0.00
20.47 -8.58 8.16 20.47 -8.58 8.16 0.01
0.35 -6.38 50.57 0.35 -6.38 50.57 0.00
-18.46 -11.14 -49.09 -18.46 -11.14 -49.09 0.00
21.84 -7.11 12.24 21.84 -7.11 12.24 0.00
-22.51 -13.23 -48.74 -22.51 -13.23 -48.74 0.00
-6.06 -18.30 -41.64 -6.06 -18.30 -41.65 0.00
-4.25 -15.72 -4.14 -4.25 -15.72 -4.14 0.00
-33.54 -21.89 -11.43 -33.54 -21.89 -11.43 0.00
35.42 -4.33 -15.38 35.42 -4.33 -15.38 0.00
12.40 17.85 -29.21 12.41 17.85 -29.21 0.00
-6.89 8.15 45.43 -6.88 8.14 45.43 0.00
-3.43 -8.20 24.72 -3.43 -8.20 24.72 0.00
22.07 12.13 47.89 22.07 12.13 47.89 0.00
-7.11 1.59 33.52 -7.11 1.59 33.52 0.00
-33.66 8.07 -25.31 -33.66 8.07 -25.31 0.00
-4.27 4.24 -26.11 -4.27 4.24 -26.11 0.00
-6.26 0.37 40.20 -6.26 0.37 40.20 0.00
13.81 8.12 -16.45 13.81 8.12 -16.45 0.00
-36.06 -17.66 -10.74 -36.06 -17.66 -10.74 0.00
-34.16 -13.31 -45.85 -34.16 -13.31 -45.85 0.00
19.33 25.52 -19.93 19.33 25.53 -19.93 0.01
-41.84 -18.72 -28.18 -41.83 -18.72 -28.18 0.00
-32.51 7.64 -19.86 -32.51 7.64 -19.86 0.01
-7.67 -4.87 21.94 -7.67 -4.87 21.94 0.00
-5.04 24.52 28.33 -5.04 24.52 28.33 0.00
-1.82 -6.34 35.86 -1.82 -6.34 35.86 0.00
19.26 -15.82 -4.34 19.26 -15.82 -4.34 0.00
17.86 24.86 -23.94 17.86 24.86 -23.94 0.00
-38.07 -15.47 -40.96 -38.07 -15.47 -40.96 0.01
9.31 23.11 -6.08 9.31 23.11 -6.08 0.00
29.06 10.86 19.77 29.07 10.86 19.77 0.00
27.62 -0.08 22.30 27.62 -0.08 22.30 0.00
13.92 -7.28 19.06 13.92 -7.27 19.06 0.01
20.57 -12.20 -0.21 20.57 -12.20 -0.21 0.00
-0.76 -11.45 -34.38 -0.76 -11.45 -34.39 0.00
8.13 25.68 7.21 8.13 25.69 7.21 0.01
-0.34 -0.11 -25.26 -0.34 -0.11 -25.26 0.00
16.32 26.75 -5.46 16.32 26.76 -5.46 0.00
7.21 7.13 63.09 7.21 7.13 63.10 0.00
-7.77 24.13 30.82 -7.77 24.13 30.82 0.00
38.79 0.94 0.91 38.79 0.94 0.91 0.00
20.06 13.49 59.90 20.06 13.49 59.90 0.00
-10.46 -17.53 -44.82 -10.46 -17.53 -44.83 0.00
23.19 10.39 44.49 23.19 10.40 44.49 0.00
16.97 18.99 48.41 16.97 19.00 48.41 0.00
19.20 -3.44 -23.48 19.20 -3.44 -23.47 0.00
-5.90 -8.52 -43.19 -5.90 -8.52 -43.19 0.00
39.02 0.77 -5.00 39.02 0.77 -5.00 0.00
-8.18 19.47 38.38 -8.19 19.48 38.38 0.01
19.99 26.14 2.91 19.99 26.15 2.91 0.01
-7.21 1.76 32.71 -7.21 1.76 32.71 0.00
2.27 -18.04 -21.91 2.27 -18.04 -21.91 0.00
-6.67 -18.81 -8.62 -6.67 -18.81 -8.62 0.00
-11.74 10.05 15.46 -11.75 10.05 15.46 0.00
-31.82 6.64 -35.62 -31.82 6.64 -35.62 0.00
22.52 -3.36 28.11 22.52 -3.36 28.11 0.00
16.57 8.15 63.18 16.57 8.15 63.19 0.00
11.90 -14.94 0.88 11.90 -14.94 0.88 0.00
-28.07 6.65 -38.76 -28.07 6.65 -38.75 0.00
-10.42 -28.44 -34.67 -10.42 -28.44 -34.67 0.00
-12.25 5.71 -5.32 -12.25 5.71 -5.32 0.00
-8.28 -22.67 -12.11 -8.28 -22.67 -12.11 0.00
-23.96 -0.01 -46.66 -23.96 -0.01 -46.66 0.00
-13.87 -31.12 -30.63 -13.87 -31.12 -30.63 0.01
-37.54 -9.80 -10.11 -37.54 -9.80 -10.11 0.00
-9.50 7.47 -33.31 -9.50 7.47 -33.31 0.00
29.03 -5.42 -25.60 29.03 -5.41 -25.60 0.01
34.60 15.51 -13.04 34.60 15.51 -13.04 0.00
18.67 13.07 -30.73 18.67 13.07 -30.72 0.01
-6.54 8.99 56.43 -6.54 8.99 56.43 0.00
-13.55 -31.05 -30.36 -13.56 -31.05 -30.36 0.00
-5.31 22.09 16.08 -5.31 22.09 16.08 0.00
21.76 9.82 55.54 21.76 9.82 55.54 0.00
33.78 16.41 6.78 33.79 16.42 6.78 0.01
11.85 -8.16 16.31 11.85 -8.16 16.31 0.00
-41.90 -8.21 -31.58 -41.90 -8.20 -31.58 0.01
22.28 -13.18 -3.19 22.28 -13.18 -3.19 0.00
21.09 4.94 59.64 21.09 4.94 59.64 0.00
7.83 -3.13 -22.51 7.83 -3.13 -22.51 0.00
-7.27 -23.46 -38.67 -7.28 -23.46 -38.67 0.00
-7.68 -20.35 -9.83 -7.68 -20.35 -9.83 0.00
