200, ./OUTPUT/pa3-H-Output.txt
-29.85 9.06 -32.13 -29.85 9.05 -32.12 0.01
-15.82 -30.46 -18.80 -15.82 -30.46 -18.79 0.01
-6.28 7.28 -21.86 -6.28 7.28 -21.86 0.00
22.07 5.84 53.40 22.08 5.84 53.40 0.01
-4.47 -24.61 -19.92 -4.48 -24.61 -19.92 0.00
-9.94 -23.29 -41.56 -9.94 -23.30 -41.56 0.01
-27.49 -29.33 -16.36 -27.49 -29.33 -16.36 0.00
-37.53 -21.42 -15.64 -37.52 -21.42 -15.65 0.00
12.02 26.23 -3.70 12.03 26.22 -3.70 0.02
12.04 12.35 63.13 12.04 12.35 63.11 0.02
-6.40 1.14 53.32 -6.39 1.14 53.32 0.01
-26.34 -1.31 -10.86 -26.33 -1.32 -10.87 0.01
27.79 -0.39 -29.02 27.80 -0.40 -29.03 0.02
-7.45 3.63 -36.10 -7.45 3.63 -36.10 0.00
31.02 13.94 13.88 31.02 13.94 13.87 0.01
8.84 20.80 54.11 8.84 20.80 54.11 0.01
26.03 23.44 -17.46 26.02 23.43 -17.46 0.01
7.75 22.29 -4.33 7.75 22.29 -4.33 0.01
-3.17 20.69 38.82 -3.17 20.68 38.81 0.01
-2.02 -6.73 -32.24 -2.01 -6.72 -32.24 0.00
31.54 19.51 -7.67 31.53 19.50 -7.67 0.01
9.24 20.76 56.42 9.24 20.75 56.42 0.01
3.01 19.90 2.98 3.01 19.90 2.98 0.00
9.32 26.20 5.54 9.33 26.19 5.54 0.01
0.81 -16.82 -7.48 0.81 -16.83 -7.47 0.01
32.99 11.32 12.84 32.99 11.32 12.84 0.01
-5.82 2.15 -33.97 -5.82 2.15 -33.97 0.01
28.19 16.38 -24.86 28.19 16.39 -24.86 0.00
-40.78 0.72 -26.71 -40.78 0.72 -26.71 0.00
-34.94 4.22 -15.87 -34.93 4.21 -15.88 0.02
-5.48 -22.98 -36.84 -5.47 -22.98 -36.84 0.01
-16.35 -30.49 -35.23 -16.35 -30.50 -35.23 0.01
-6.90 3.93 56.91 -6.89 3.93 56.91 0.00
21.75 2.51 51.09 21.75 2.51 51.09 0.01
30.43 1.00 -27.81 30.44 0.99 -27.83 0.02
36.81 -0.76 9.28 36.81 -0.76 9.28 0.00
17.61 20.52 -29.32 17.61 20.53 -29.33 0.01
-19.89 -27.44 -41.16 -19.89 -27.45 -41.17 0.01
-7.04 6.70 59.89 -7.04 6.70 59.89 0.00
34.70 -1.78 -20.72 34.71 -1.78 -20.72 0.01
-41.28 -17.45 -30.08 -41.29 -17.46 -30.08 0.01
-5.16 6.87 -22.60 -5.16 6.87 -22.60 0.00
6.50 18.14 62.56 6.50 18.13 62.55 0.01
-40.28 -20.56 -31.07 -40.29 -20.56 -31.07 0.01
33.83 -4.98 8.48 33.83 -4.99 8.49 0.01
-7.78 11.50 39.56 -7.78 11.50 39.56 0.00
-6.53 10.57 46.62 -6.52 10.57 46.62 0.01
-22.64 -25.19 -9.79 -22.64 -25.19 -9.79 0.00
-21.91 -10.31 -4.22 -21.90 -10.31 -4.23 0.01
-41.42 -8.45 -15.79 -41.42 -8.45 -15.79 0.00
33.40 -6.91 -16.37 33.41 -6.92 -16.38 0.01
9.26 13.28 -10.05 9.25 13.28 -10.06 0.01
10.59 21.27 48.98 10.59 21.26 48.98 0.01
15.78 -5.38 42.07 15.79 -5.40 42.07 0.02
-2.38 16.28 50.68 -2.37 16.28 50.68 0.00
15.44 11.18 -24.90 15.44 11.18 -24.90 0.00
17.15 -3.87 50.33 17.15 -3.87 50.33 0.00
33.74 -3.11 11.21 33.74 -3.11 11.21 0.00
17.14 20.31 -29.67 17.15 20.32 -29.67 0.00
21.89 6.95 55.52 21.89 6.95 55.52 0.00
-8.19 -25.72 -36.94 -8.19 -25.73 -36.94 0.01
2.80 22.64 8.68 2.80 22.64 8.68 0.00
18.73 -14.77 -2.77 18.73 -14.78 -2.77 0.01
1.23 -7.04 62.17 1.23 -7.04 62.17 0.00
15.50 26.88 -4.26 15.50 26.88 -4.26 0.01
-16.87 -16.86 -47.44 -16.87 -16.87 -47.45 0.01
32.58 16.50 9.63 32.57 16.50 9.63 0.01
32.17 1.47 15.54 32.16 1.47 15.54 0.00
18.33 -5.71 25.91 18.34 -5.73 25.91 0.02
28.29 -1.25 19.83 28.29 -1.26 19.83 0.00
-6.55 3.88 60.84 -6.55 3.88 60.84 0.00
39.37 5.20 -8.76 39.38 5.20 -8.76 0.00
-16.71 -32.34 -27.42 -16.71 -32.35 -27.41 0.01
-21.47 -9.17 -3.82 -21.46 -9.17 -3.84 0.02
-10.84 -29.22 -32.99 -10.84 -29.23 -33.00 0.01
21.92 7.82 55.07 21.92 7.82 55.07 0.00
33.06 7.74 13.95 33.05 7.74 13.94 0.01
-13.29 18.07 34.82 -13.27 18.07 34.80 0.02
2.96 18.99 2.37 2.96 18.99 2.37 0.00
2.62 23.62 25.23 2.62 23.62 25.23 0.00
-5.01 22.14 16.03 -5.01 22.14 16.03 0.00
6.48 20.29 50.87 6.48 20.28 50.87 0.01
-16.99 -30.37 -35.79 -16.98 -30.39 -35.80 0.02
-25.80 11.26 -22.54 -25.79 11.25 -22.54 0.01
25.23 7.10 34.45 25.23 7.10 34.45 0.00
-31.89 -20.35 -9.05 -31.89 -20.34 -9.06 0.01
11.18 24.71 -6.61 11.19 24.71 -6.61 0.01
7.98 -16.06 -6.48 7.98 -16.07 -6.48 0.00
12.81 21.74 46.97 12.81 21.73 46.97 0.01
-31.66 -6.66 -46.32 -31.66 -6.65 -46.33 0.01
7.36 -16.05 -9.98 7.36 -16.06 -9.98 0.01
-6.74 0.74 35.98 -6.74 0.74 35.98 0.01
11.24 24.76 15.91 11.24 24.74 15.91 0.01
33.95 16.73 -8.65 33.94 16.72 -8.65 0.01
-0.27 -10.65 14.51 -0.27 -10.66 14.52 0.01
-15.87 -11.60 -48.49 -15.87 -11.60 -48.50 0.02
31.51 -2.43 -25.48 31.53 -2.43 -25.49 0.02
23.89 7.06 41.86 23.89 7.06 41.86 0.00
7.53 -16.03 -6.45 7.53 -16.04 -6.45 0.01
-0.94 -6.55 36.04 -0.94 -6.55 36.04 0.00
-5.93 14.55 9.42 -5.93 14.55 9.42 0.00
-28.67 -13.33 -6.11 -28.67 -13.33 -6.12 0.01
-8.84 -20.72 -42.89 -8.83 -20.73 -42.90 0.01
26.33 22.90 7.00 26.32 22.89 6.99 0.01
-16.76 -12.71 -48.53 -16.75 -12.71 -48.55 0.02
25.78 11.83 28.78 25.78 11.83 28.77 0.01
-25.43 0.01 -11.62 -25.43 0.01 -11.63 0.01
17.41 20.13 42.74 17.41 20.12 42.74 0.01
-32.85 -25.34 -38.44 -32.86 -25.35 -38.44 0.01
20.78 13.68 -30.91 20.79 13.68 -30.92 0.01
-23.17 -12.61 -48.64 -23.17 -12.62 -48.64 0.01
-1.58 18.69 8.62 -1.59 18.69 8.62 0.00
32.48 -1.29 -24.69 32.49 -1.29 -24.70 0.01
-7.67 5.46 33.16 -7.67 5.46 33.16 0.00
-11.72 -5.28 -46.93 -11.71 -5.28 -46.94 0.01
-1.49 9.60 -10.39 -1.49 9.59 -10.38 0.01
-11.60 17.81 16.58 -11.60 17.81 16.58 0.00
26.41 20.89 12.90 26.41 20.88 12.90 0.01
37.36 4.04 -14.06 37.36 4.04 -14.07 0.01
-37.01 5.31 -28.41 -37.00 5.31 -28.41 0.01
11.84 26.04 10.97 11.84 26.01 10.96 0.03
-20.47 -4.74 -3.99 -20.46 -4.74 -4.00 0.01
4.10 -10.02 16.31 4.10 -10.03 16.32 0.01
-41.34 -15.02 -30.08 -41.35 -15.02 -30.09 0.01
22.97 -8.32 6.74 22.98 -8.33 6.74 0.02
13.72 7.66 63.08 13.72 7.66 63.06 0.02
-29.83 -20.68 -8.13 -29.83 -20.67 -8.14 0.01
-7.10 5.47 57.78 -7.10 5.47 57.78 0.00
6.08 -7.52 26.54 6.08 -7.53 26.54 0.01
-31.68 -8.19 -46.74 -31.69 -8.19 -46.75 0.01
-39.24 3.02 -25.14 -39.24 3.01 -25.14 0.00
-3.64 -6.86 29.71 -3.65 -6.87 29.71 0.01
-3.56 -9.37 18.18 -3.56 -9.38 18.18 0.01
-25.53 -29.26 -15.28 -25.53 -29.26 -15.28 0.00
8.91 -14.80 -16.76 8.92 -14.82 -16.77 0.02
11.51 15.17 63.13 11.51 15.17 63.11 0.02
-15.23 20.94 23.76 -15.23 20.94 23.76 0.00
-36.56 -19.65 -12.48 -36.56 -19.65 -12.49 0.00
-25.39 -17.34 -6.58 -25.39 -17.34 -6.58 0.01
-33.96 -26.55 -17.61 -33.96 -26.55 -17.61 0.00
20.98 12.20 55.93 20.99 12.21 55.93 0.01
29.41 -8.59 -22.08 29.42 -8.60 -22.09 0.02
-15.95 -13.73 -48.45 -15.96 -13.73 -48.46 0.01
9.22 -7.55 -21.83 9.22 -7.55 -21.83 0.00
-21.80 -32.64 -24.89 -21.80 -32.66 -24.89 0.01
5.88 2.69 -20.01 5.89 2.69 -20.01 0.00
13.73 24.31 -11.72 13.74 24.31 -11.72 0.01
4.07 -7.47 29.71 4.07 -7.48 29.71 0.01
-14.90 -8.82 -48.08 -14.89 -8.82 -48.09 0.01
-17.52 7.42 -40.03 -17.52 7.41 -40.03 0.00
-7.26 3.70 -35.67 -7.26 3.70 -35.67 0.00
-29.15 7.48 -36.72 -29.14 7.47 -36.72 0.01
22.10 -13.73 -18.02 22.10 -13.75 -18.04 0.02
5.50 -16.52 -9.91 5.50 -16.53 -9.91 0.01
-1.28 17.12 6.36 -1.27 17.12 6.36 0.01
24.10 -3.01 25.28 24.11 -3.02 25.28 0.01
32.20 17.98 -14.76 32.20 17.97 -14.76 0.01
23.49 -15.44 -12.75 23.50 -15.45 -12.75 0.02
-13.12 2.10 -43.51 -13.11 2.10 -43.51 0.00
26.95 22.99 4.27 26.95 22.98 4.27 0.01
-4.48 20.60 38.49 -4.48 20.58 38.49 0.02
-4.58 -0.46 -34.86 -4.59 -0.46 -34.86 0.01
13.04 10.95 63.13 13.04 10.95 63.11 0.01
6.24 20.93 41.43 6.25 20.91 41.42 0.02
29.59 12.87 17.31 29.58 12.86 17.31 0.01
-6.13 10.11 0.88 -6.12 10.10 0.89 0.01
11.27 -14.31 1.79 11.27 -14.32 1.80 0.01
-15.86 8.52 -16.80 -15.86 8.51 -16.80 0.01
-3.26 18.56 10.30 -3.26 18.56 10.30 0.00
-5.74 16.87 11.57 -5.74 16.87 11.57 0.01
18.83 -9.47 6.98 18.83 -9.47 6.98 0.00
26.57 -5.00 15.11 26.57 -5.01 15.11 0.01
-11.37 -9.30 -47.31 -11.37 -9.30 -47.32 0.01
-9.05 -26.03 -15.89 -9.05 -26.03 -15.89 0.00
-13.70 22.73 23.09 -13.70 22.72 23.09 0.00
-9.97 -12.20 0.80 -9.98 -12.22 0.81 0.01
-42.40 -8.68 -17.84 -42.39 -8.68 -17.84 0.01
-9.01 -10.67 3.45 -9.01 -10.67 3.45 0.00
16.33 24.86 -19.26 16.34 24.85 -19.26 0.02
-9.34 -9.64 5.18 -9.34 -9.64 5.18 0.00
25.31 24.00 2.03 25.31 23.99 2.03 0.01
1.98 -7.20 60.40 1.98 -7.21 60.40 0.00
-39.01 3.28 -26.84 -39.01 3.28 -26.84 0.01
16.77 -2.79 61.61 16.77 -2.79 61.61 0.01
11.62 21.53 45.84 11.63 21.51 45.84 0.01
-22.12 -24.27 -8.89 -22.12 -24.26 -8.90 0.01
26.47 18.10 16.94 26.46 18.10 16.94 0.01
-11.05 -3.73 -45.71 -11.04 -3.72 -45.72 0.01
-40.99 -15.11 -30.61 -41.00 -15.11 -30.62 0.01
-15.54 20.55 24.11 -15.53 20.55 24.11 0.01
2.53 20.26 4.45 2.53 20.26 4.45 0.00
-7.71 -25.85 -17.23 -7.71 -25.85 -17.23 0.00
-35.46 0.77 -13.39 -35.45 0.76 -13.40 0.02
23.87 -10.52 0.29 23.87 -10.53 0.30 0.01
-34.62 1.60 -40.00 -34.62 1.60 -40.00 0.00
-15.87 20.17 24.56 -15.86 20.16 24.56 0.01
22.16 -2.58 -25.41 22.16 -2.58 -25.42 0.01
-8.94 -25.12 -14.77 -8.94 -25.11 -14.77 0.00
-4.16 9.02 -11.31 -4.16 9.00 -11.31 0.01
-42.73 -16.42 -24.24 -42.73 -16.42 -24.24 0.00
