200, ./OUTPUT/pa3-G-Output.txt
5.42 -11.10 -23.26 5.43 -11.11 -23.27 0.02
-3.96 -6.92 27.45 -3.93 -6.89 27.44 0.03
24.20 -14.55 -15.79 24.21 -14.56 -15.80 0.01
-23.13 3.32 -43.90 -23.13 3.33 -43.90 0.01
14.24 -0.13 -21.44 14.24 -0.12 -21.46 0.02
3.48 -0.24 -23.01 3.49 -0.24 -23.03 0.02
-19.55 12.12 -29.36 -19.54 12.14 -29.36 0.01
8.42 -7.08 51.88 8.42 -7.06 51.88 0.02
-41.03 -20.61 -25.38 -41.02 -20.60 -25.38 0.01
-33.71 -24.25 -14.11 -33.71 -24.25 -14.11 0.01
-12.61 -19.46 -45.02 -12.60 -19.46 -45.03 0.01
4.58 2.23 -21.04 4.59 2.24 -21.05 0.02
20.86 0.48 -25.49 20.86 0.48 -25.48 0.00
-5.65 2.14 -30.92 -5.63 2.14 -30.93 0.01
-8.69 23.76 32.38 -8.69 23.76 32.37 0.01
-11.35 -29.97 -22.80 -11.35 -29.97 -22.80 0.00
-17.32 1.02 -2.45 -17.30 1.01 -2.46 0.02
31.56 6.62 -26.97 31.57 6.62 -26.98 0.02
22.45 14.23 39.24 22.48 14.25 39.25 0.04
-18.80 -32.13 -22.74 -18.80 -32.13 -22.74 0.00
14.42 -16.08 -12.73 14.42 -16.07 -12.73 0.01
36.26 12.40 -11.68 36.28 12.40 -11.69 0.02
25.46 -2.32 24.03 25.46 -2.32 24.03 0.00
25.50 15.32 -27.99 25.51 15.33 -28.01 0.03
-6.04 17.37 42.57 -6.02 17.36 42.56 0.03
24.32 11.97 34.49 24.34 11.98 34.50 0.03
-40.31 -16.85 -16.20 -40.30 -16.84 -16.20 0.02
21.61 0.40 45.88 21.63 0.39 45.89 0.02
6.23 22.05 -1.05 6.23 22.05 -1.05 0.00
11.33 20.37 -13.41 11.33 20.36 -13.41 0.00
40.56 3.10 -4.42 40.57 3.10 -4.42 0.01
-1.38 -16.79 -36.06 -1.37 -16.80 -36.07 0.01
33.03 3.91 -24.13 33.05 3.91 -24.14 0.02
20.26 -6.84 -23.88 20.26 -6.84 -23.89 0.01
-40.09 -10.85 -34.94 -40.08 -10.85 -34.94 0.01
-17.71 -20.77 -7.48 -17.71 -20.77 -7.49 0.01
-8.10 20.44 37.65 -8.10 20.44 37.65 0.00
15.96 -7.59 15.73 15.96 -7.58 15.72 0.01
10.69 -6.39 39.26 10.69 -6.39 39.27 0.01
-23.98 -7.87 -5.80 -23.97 -7.87 -5.81 0.01
-9.52 6.79 28.05 -9.49 6.80 28.05 0.03
-37.79 -2.69 -39.93 -37.79 -2.69 -39.92 0.00
-13.35 -7.02 -47.73 -13.35 -7.02 -47.74 0.01
-2.09 7.67 -18.08 -2.09 7.68 -18.09 0.01
22.19 -15.37 -6.76 22.20 -15.37 -6.76 0.00
40.00 2.13 -4.93 40.00 2.13 -4.93 0.00
-0.76 17.44 52.47 -0.76 17.44 52.47 0.01
-41.66 -17.90 -21.22 -41.65 -17.90 -21.22 0.01
-11.37 5.07 -39.45 -11.36 5.07 -39.46 0.01
17.17 10.90 -28.33 17.18 10.90 -28.32 0.01
-9.07 -27.37 -35.12 -9.06 -27.37 -35.13 0.00
30.65 3.06 -27.92 30.67 3.06 -27.93 0.02
16.14 18.17 57.45 16.15 18.19 57.45 0.03
-42.50 -16.62 -28.58 -42.50 -16.61 -28.57 0.01
-7.24 12.24 42.27 -7.22 12.24 42.26 0.03
14.75 24.18 -14.85 14.75 24.18 -14.85 0.01
0.50 -6.48 50.23 0.51 -6.45 50.23 0.03
-42.82 -14.39 -21.26 -42.80 -14.39 -21.27 0.02
-27.27 -26.93 -11.79 -27.27 -26.92 -11.79 0.01
-43.32 -11.27 -27.17 -43.31 -11.27 -27.16 0.01
14.47 -17.34 -8.99 14.47 -17.33 -8.99 0.01
33.68 -3.14 11.25 33.68 -3.13 11.24 0.01
22.05 9.25 -30.08 22.05 9.24 -30.09 0.01
18.91 17.23 -30.70 18.91 17.24 -30.72 0.02
-2.07 -21.79 -33.00 -2.07 -21.80 -33.00 0.00
-1.11 -7.09 -30.38 -1.10 -7.08 -30.38 0.02
10.75 -6.39 34.17 10.75 -6.39 34.17 0.00
-15.15 10.79 -31.01 -15.14 10.80 -31.01 0.01
-4.59 -8.19 21.89 -4.58 -8.16 21.88 0.03
-7.87 16.09 40.23 -7.85 16.09 40.21 0.03
-5.56 24.59 22.32 -5.56 24.60 22.32 0.01
-41.58 -9.90 -16.23 -41.56 -9.89 -16.24 0.02
20.39 6.56 -28.51 20.39 6.56 -28.51 0.00
-8.92 -7.64 -45.81 -8.91 -7.64 -45.82 0.02
-12.41 -25.20 -12.00 -12.41 -25.20 -12.01 0.00
-4.71 -2.71 56.18 -4.69 -2.70 56.18 0.03
-35.61 -26.87 -22.79 -35.60 -26.86 -22.79 0.02
20.00 14.92 52.06 20.02 14.93 52.07 0.03
14.57 20.57 51.42 14.58 20.59 51.42 0.03
11.26 2.53 63.09 11.26 2.52 63.08 0.02
1.80 -12.00 6.42 1.80 -11.98 6.42 0.02
-5.59 11.56 58.97 -5.56 11.54 58.97 0.03
5.02 20.15 45.80 5.02 20.15 45.80 0.01
-26.25 10.89 -21.40 -26.26 10.89 -21.40 0.00
15.15 21.76 38.46 15.15 21.78 38.46 0.02
2.87 22.96 29.38 2.87 22.97 29.39 0.02
25.20 -13.81 -16.66 25.20 -13.81 -16.66 0.00
1.55 11.72 -6.97 1.55 11.72 -6.97 0.01
-2.89 24.28 23.83 -2.88 24.29 23.82 0.01
24.26 4.29 38.31 24.29 4.28 38.31 0.03
-30.51 6.59 -15.33 -30.51 6.59 -15.33 0.00
-25.47 -22.41 -7.77 -25.47 -22.40 -7.77 0.00
23.33 -10.25 -23.01 23.33 -10.25 -23.01 0.00
22.48 -8.41 6.97 22.48 -8.39 6.96 0.02
-31.70 -30.02 -26.22 -31.70 -30.01 -26.22 0.01
-43.65 -11.56 -26.44 -43.65 -11.56 -26.43 0.01
18.77 -13.65 -1.17 18.76 -13.64 -1.17 0.01
3.57 -1.70 -23.58 3.58 -1.69 -23.60 0.02
35.81 14.32 -7.59 35.83 14.34 -7.59 0.02
-38.86 -7.83 -12.05 -38.85 -7.84 -12.06 0.01
-5.41 1.00 -32.92 -5.39 1.01 -32.92 0.01
24.55 12.80 32.28 24.58 12.81 32.28 0.02
1.04 -6.45 -27.41 1.05 -6.45 -27.42 0.02
-4.99 17.97 42.59 -4.99 17.96 42.59 0.01
17.04 21.12 -29.16 17.05 21.13 -29.18 0.02
12.80 22.85 -15.28 12.79 22.86 -15.28 0.01
4.82 -4.54 -23.87 4.83 -4.54 -23.89 0.02
-24.98 -29.55 -37.51 -24.98 -29.55 -37.51 0.00
28.60 -6.10 -24.89 28.60 -6.10 -24.89 0.01
-25.72 9.03 -36.28 -25.72 9.03 -36.27 0.00
5.14 -16.17 -18.91 5.14 -16.17 -18.91 0.00
25.93 -13.36 -17.13 25.93 -13.36 -17.13 0.00
6.89 21.87 -2.71 6.90 21.87 -2.71 0.01
-29.46 -1.38 -45.04 -29.47 -1.38 -45.04 0.01
2.81 -2.70 -24.38 2.82 -2.70 -24.39 0.02
-39.24 -13.75 -13.33 -39.23 -13.75 -13.34 0.02
-17.59 -5.75 -0.59 -17.57 -5.74 -0.61 0.02
-8.78 8.42 33.07 -8.76 8.44 33.06 0.03
6.92 17.35 -6.34 6.92 17.35 -6.34 0.00
24.55 8.14 37.49 24.57 8.14 37.49 0.02
28.38 12.87 -27.69 28.39 12.88 -27.71 0.03
2.23 -10.11 17.16 2.23 -10.10 17.16 0.01
21.81 4.18 52.97 21.84 4.17 52.98 0.03
-25.43 7.56 -16.16 -25.43 7.55 -16.16 0.01
38.34 -0.13 -4.49 38.34 -0.14 -4.49 0.00
-13.11 7.36 -14.24 -13.11 7.36 -14.24 0.00
-33.16 5.43 -16.00 -33.16 5.43 -16.00 0.00
-2.68 -12.88 1.45 -2.68 -12.87 1.44 0.01
14.12 -6.38 26.58 14.12 -6.37 26.58 0.01
-32.26 8.86 -28.07 -32.26 8.86 -28.07 0.00
25.12 -3.67 21.37 25.12 -3.67 21.37 0.00
38.09 -1.12 -10.58 38.09 -1.12 -10.58 0.00
22.09 0.03 41.38 22.11 0.02 41.38 0.01
-3.44 -15.83 -4.45 -3.44 -15.82 -4.45 0.01
12.20 17.99 -17.82 12.22 18.00 -17.82 0.01
29.71 -1.74 17.24 29.71 -1.74 17.24 0.00
-12.50 -25.69 -12.61 -12.49 -25.70 -12.61 0.00
-10.58 9.10 11.66 -10.58 9.10 11.66 0.01
4.23 18.16 -1.39 4.23 18.16 -1.39 0.00
-31.39 -29.24 -32.97 -31.39 -29.24 -32.97 0.01
-10.27 -25.78 -39.09 -10.27 -25.78 -39.09 0.00
-19.17 -32.12 -22.16 -19.17 -32.12 -22.16 0.01
11.91 2.90 -19.26 11.91 2.91 -19.28 0.02
-11.81 23.34 20.70 -11.81 23.34 20.69 0.01
24.22 24.39 3.33 24.23 24.41 3.33 0.02
-8.09 8.04 -23.40 -8.08 8.06 -23.40 0.02
1.96 17.71 2.72 1.96 17.71 2.72 0.00
11.13 -5.99 -22.02 11.13 -6.00 -22.03 0.01
-40.65 0.38 -22.73 -40.64 0.38 -22.73 0.01
-39.94 -20.14 -18.34 -39.93 -20.13 -18.34 0.02
-1.36 -6.27 36.75 -1.36 -6.25 36.75 0.02
25.82 23.56 -15.13 25.82 23.57 -15.13 0.01
-2.81 10.75 -4.34 -2.81 10.76 -4.35 0.01
-3.05 -14.29 -39.39 -3.04 -14.29 -39.40 0.01
-21.99 3.69 -43.50 -21.99 3.70 -43.51 0.01
14.47 -5.35 51.43 14.47 -5.34 51.43 0.01
-1.27 -20.57 -32.12 -1.26 -20.58 -32.12 0.01
-11.25 8.58 -32.80 -11.25 8.58 -32.80 0.01
29.19 21.59 -10.39 29.20 21.61 -10.39 0.02
-5.48 -3.30 36.97 -5.44 -3.28 36.97 0.05
15.78 21.14 41.93 15.79 21.17 41.93 0.03
-20.22 3.76 -43.13 -20.22 3.77 -43.14 0.01
-12.19 -20.51 -44.33 -12.18 -20.52 -44.34 0.01
15.79 27.13 -0.76 15.79 27.15 -0.76 0.01
36.50 4.73 -16.48 36.51 4.73 -16.48 0.01
21.93 11.69 49.77 21.96 11.71 49.78 0.04
13.65 -0.05 63.02 13.65 -0.05 63.01 0.01
-1.01 4.79 63.41 -1.01 4.79 63.39 0.02
-3.83 13.89 60.31 -3.82 13.89 60.31 0.01
9.91 21.45 41.90 9.91 21.44 41.90 0.01
14.54 -12.21 4.83 14.54 -12.19 4.81 0.03
-33.99 0.09 -12.59 -33.99 0.08 -12.60 0.01
-40.53 -14.73 -31.13 -40.52 -14.73 -31.12 0.01
0.68 7.25 -18.25 0.69 7.27 -18.26 0.02
-1.38 -20.29 -33.47 -1.38 -20.29 -33.47 0.00
36.62 13.48 0.18 36.64 13.50 0.18 0.03
-10.10 -27.49 -36.17 -10.10 -27.50 -36.17 0.01
-8.72 -17.72 -43.97 -8.71 -17.72 -43.98 0.01
-16.21 18.77 25.09 -16.19 18.76 25.09 0.02
24.02 20.48 -25.16 24.03 20.49 -25.17 0.02
-30.35 8.06 -17.62 -30.35 8.06 -17.63 0.00
-18.97 -31.50 -34.46 -18.97 -31.50 -34.46 0.00
-15.59 -25.09 -42.47 -15.59 -25.09 -42.48 0.00
-25.18 1.25 -45.19 -25.18 1.25 -45.19 0.00
26.18 -2.49 -27.44 26.18 -2.49 -27.44 0.01
-2.34 -2.96 -29.80 -2.32 -2.95 -29.81 0.02
-33.33 7.36 -31.88 -33.33 7.36 -31.88 0.00
5.18 19.25 60.80 5.19 19.24 60.80 0.01
-4.28 -2.64 62.94 -4.26 -2.63 62.92 0.03
4.49 22.32 31.21 4.49 22.33 31.21 0.01
-25.62 11.02 -21.10 -25.62 11.02 -21.10 0.00
-9.74 -24.12 -12.68 -9.74 -24.12 -12.68 0.00
12.63 -17.16 -7.60 12.64 -17.14 -7.60 0.02
-39.74 -0.36 -34.45 -39.74 -0.36 -34.45 0.00
2.79 -7.01 37.55 2.79 -7.00 37.55 0.01
0.07 -10.74 14.16 0.07 -10.72 14.16 0.01
10.77 -12.62 -18.95 10.77 -12.62 -18.95 0.00
-31.52 -28.22 -35.22 -31.52 -28.21 -35.21 0.01
13.39 15.43 -19.72 13.40 15.44 -19.73 0.01
11.71 -11.98 -19.21 11.72 -11.98 -19.22 0.01
