400, ../OUTPUT/pa5-E-Output.txt
-3.7764 10.1020 -62.2744 110.9139 37.9906 -40.8694
0.46 4.77 -14.70 0.82 6.31 -15.29 1.69
29.09 -11.51 -23.53 29.17 -10.83 -21.76 1.91
-15.82 -27.68 -15.82 -15.88 -27.54 -15.86 0.16
-3.87 -5.70 -37.42 -2.11 -4.77 -38.13 2.11
-1.08 -5.13 41.26 -0.74 -3.81 41.05 1.39
-37.84 -21.98 -34.68 -35.61 -21.06 -34.20 2.46
29.66 1.21 23.92 29.63 1.23 23.91 0.04
-10.98 -26.74 -37.09 -11.15 -26.44 -36.96 0.37
32.59 1.00 -18.36 33.60 1.43 -18.76 1.17
37.81 12.14 -3.11 37.90 12.25 -3.14 0.14
21.58 -9.07 17.62 21.43 -8.30 17.38 0.82
18.82 -16.51 -22.30 19.00 -16.64 -22.06 0.33
-0.04 -3.46 45.81 0.07 -2.97 45.61 0.55
1.28 -22.09 -27.04 1.43 -22.49 -27.05 0.42
-34.66 -7.65 -46.33 -33.40 -7.84 -45.61 1.46
12.92 -18.85 -14.47 12.97 -17.77 -14.29 1.09
7.34 -7.95 -24.48 7.02 -8.09 -24.15 0.48
41.49 2.33 -10.74 41.35 2.31 -10.67 0.16
-4.83 13.26 0.80 -4.42 12.43 1.03 0.96
-34.95 7.89 -29.45 -35.52 8.22 -29.53 0.66
-18.09 -3.33 -48.26 -17.65 -2.91 -49.28 1.18
-2.58 19.83 37.76 -2.90 20.68 37.58 0.92
-6.95 -7.76 17.72 -5.88 -6.27 17.40 1.85
-5.83 -19.18 -41.36 -5.59 -19.31 -41.53 0.32
14.87 26.05 44.62 15.03 25.63 44.64 0.45
11.94 -16.30 -10.32 12.03 -16.67 -10.23 0.39
-29.92 -28.88 -23.41 -29.07 -27.54 -23.53 1.60
39.83 8.93 -4.79 40.36 9.14 -4.77 0.57
-2.21 -1.15 -26.21 -0.42 -0.54 -26.84 2.00
39.23 1.01 -13.24 39.81 0.16 -13.36 1.04
-19.00 -0.24 -47.48 -19.02 -0.15 -48.48 1.00
-7.57 -25.09 -22.26 -7.04 -26.05 -21.61 1.28
2.59 -5.99 37.36 2.17 -5.31 36.98 0.89
8.77 -11.15 16.30 8.59 -10.23 15.92 1.01
28.46 -10.88 -4.78 28.85 -11.11 -4.61 0.48
36.55 3.34 -17.40 37.19 2.88 -17.27 0.80
-24.86 9.05 -12.29 -24.80 8.98 -13.01 0.72
-3.13 -24.38 -31.61 -3.39 -24.13 -31.56 0.36
-32.94 -27.49 -26.85 -32.01 -26.11 -26.66 1.67
-11.92 14.42 41.82 -12.54 17.24 42.83 3.06
28.22 2.01 -29.53 27.98 1.89 -29.15 0.47
-14.56 11.60 46.71 -14.55 11.60 46.71 0.01
-11.52 -26.37 -37.22 -11.46 -26.48 -37.26 0.13
-39.15 3.68 -27.95 -38.41 3.30 -27.96 0.83
-37.18 -13.29 -14.94 -36.78 -13.24 -15.38 0.59
-1.00 -4.50 -27.29 0.31 -3.34 -27.71 1.80
28.08 -12.95 -17.89 28.37 -13.29 -18.01 0.46
-15.55 8.65 -16.57 -14.88 10.75 -15.00 2.70
16.75 -20.50 -19.74 18.10 -18.31 -18.26 2.97
-5.50 -7.78 -42.53 -4.13 -7.45 -43.57 1.75
36.05 -7.46 -0.12 35.92 -7.36 -0.12 0.16
-5.63 -1.57 45.02 -4.52 -1.27 45.02 1.14
27.83 19.20 5.94 28.50 20.97 5.93 1.89
-3.84 19.73 40.25 -4.17 20.29 40.17 0.65
-25.14 2.00 -46.49 -25.37 2.23 -46.99 0.59
28.16 10.53 -24.83 28.87 11.17 -25.20 1.02
-26.18 -18.39 -46.21 -26.12 -18.26 -45.92 0.33
-0.23 -23.01 -31.35 -0.36 -22.63 -31.30 0.41
-15.09 8.62 -36.32 -13.22 11.61 -36.85 3.56
1.26 11.80 -8.04 1.20 11.63 -7.27 0.79
-26.16 -19.98 -45.13 -26.15 -19.77 -44.87 0.34
-20.70 -31.04 -23.45 -20.59 -29.96 -23.68 1.10
28.70 19.59 5.31 29.50 20.40 5.31 1.14
2.11 19.74 34.70 1.97 20.84 34.52 1.12
22.91 -17.49 -15.05 23.04 -17.74 -15.07 0.28
1.88 20.95 39.71 1.88 21.32 39.76 0.37
35.02 3.68 -15.46 35.17 3.73 -15.61 0.23
31.53 4.82 -18.53 32.76 4.79 -18.87 1.28
-17.10 7.13 -43.07 -17.09 7.10 -43.03 0.05
-20.74 8.63 -39.44 -20.39 9.89 -40.36 1.60
-7.72 5.11 -17.24 -6.60 7.81 -17.40 2.92
4.94 -12.45 9.67 5.32 -11.48 9.55 1.05
-17.54 6.98 -42.68 -17.56 7.18 -42.88 0.29
-38.93 -19.94 -19.02 -37.54 -19.06 -19.27 1.67
-0.90 -4.28 -27.04 0.38 -3.34 -27.49 1.65
-37.79 1.16 -17.24 -37.22 0.94 -17.70 0.77
2.40 19.68 30.41 2.12 20.80 30.40 1.16
-27.58 -14.29 -47.83 -27.59 -14.29 -47.80 0.03
27.62 19.64 -0.90 28.53 20.61 -0.91 1.33
2.06 -11.77 15.28 2.07 -10.43 14.98 1.38
-12.74 -29.03 -26.97 -12.74 -29.01 -26.97 0.02
36.08 14.05 7.31 36.38 14.37 7.32 0.44
-38.06 -21.91 -26.62 -36.78 -21.18 -26.53 1.48
-15.73 8.28 11.43 -16.19 8.58 11.34 0.56
-7.52 18.08 38.83 -7.94 18.61 38.63 0.71
-6.59 11.12 -0.07 -6.53 11.01 -0.03 0.13
27.64 -1.55 26.47 27.74 -1.64 26.51 0.14
23.33 21.70 -7.16 23.67 22.94 -7.19 1.29
38.26 6.35 -15.09 37.18 5.87 -14.55 1.30
-4.08 1.19 54.02 -3.79 1.40 53.95 0.36
-35.30 -25.71 -22.11 -33.93 -24.28 -22.33 1.99
28.14 -5.15 -29.45 27.75 -3.95 -27.40 2.41
-18.75 9.00 45.67 -18.45 9.08 44.97 0.77
-4.86 -12.13 -43.75 -4.58 -12.21 -43.96 0.36
6.39 -8.43 -24.82 6.44 -8.41 -24.87 0.07
16.13 -18.61 -21.46 17.98 -16.78 -20.27 2.86
-18.85 -29.54 -36.15 -18.86 -28.85 -35.82 0.76
40.66 4.90 -7.44 41.75 5.02 -7.17 1.12
28.47 16.99 6.34 30.68 19.21 6.37 3.14
-5.63 3.64 -24.79 -3.67 6.04 -25.30 3.13
15.34 -8.66 22.19 15.39 -7.89 22.03 0.79
-22.41 2.21 19.15 -18.02 4.43 18.39 4.98
7.95 -7.78 25.12 7.76 -6.94 24.93 0.88
7.51 9.07 -29.96 10.14 11.60 -28.56 3.92
-1.71 -4.95 -28.31 0.01 -3.42 -28.86 2.37
-3.35 -0.22 51.48 -2.85 0.20 51.48 0.65
-38.77 4.71 -25.33 -37.92 4.29 -25.35 0.95
30.94 9.88 11.95 31.82 10.89 13.00 1.71
39.94 -2.78 2.51 39.55 -2.54 2.59 0.47
20.50 19.52 -22.33 21.11 20.67 -22.78 1.38
-15.02 8.04 16.81 -16.74 9.14 16.53 2.05
-2.23 -11.40 9.80 -1.50 -9.82 9.62 1.75
24.45 -5.82 26.30 24.05 -5.29 26.17 0.68
33.13 14.17 8.93 33.36 15.52 9.51 1.48
6.16 19.62 10.79 5.42 22.38 11.49 2.95
17.80 -4.03 58.50 17.57 -3.54 58.44 0.55
-24.02 10.12 35.53 -23.42 10.08 35.46 0.61
-0.10 22.67 57.62 -0.04 22.41 57.63 0.27
-15.33 6.27 -1.14 -15.42 6.45 -1.17 0.20
25.59 -15.93 -6.83 25.36 -15.59 -6.83 0.40
36.67 -1.11 -23.24 36.69 -0.99 -23.12 0.17
32.31 -8.30 -23.14 31.81 -8.09 -22.91 0.59
-38.01 -20.66 -16.53 -36.65 -19.36 -17.56 2.14
10.61 22.64 2.95 9.86 24.93 2.85 2.41
23.44 21.64 -9.00 23.99 22.71 -9.23 1.23
12.44 21.46 5.63 12.66 24.93 6.46 3.58
32.56 -9.30 -14.84 32.67 -9.39 -14.85 0.14
0.84 -5.50 40.74 1.11 -4.29 40.51 1.26
28.01 19.34 -7.12 28.66 20.55 -7.33 1.39
-22.49 -19.66 -7.12 -22.48 -19.62 -7.20 0.09
-23.28 -31.48 -26.43 -23.07 -30.12 -26.60 1.38
31.31 11.97 -14.36 32.47 12.69 -14.93 1.48
17.68 -5.93 -21.79 17.55 -5.98 -20.89 0.91
-13.16 7.63 -17.99 -12.03 10.70 -16.30 3.68
-1.86 22.16 55.75 -1.80 21.90 55.77 0.27
-10.51 9.20 5.28 -11.25 10.43 4.81 1.51
13.30 19.53 -26.97 13.68 20.46 -27.67 1.22
27.27 -11.70 -1.61 27.27 -11.70 -1.61 0.00
-34.36 5.27 -38.35 -34.20 5.02 -38.15 0.35
-1.56 21.28 48.48 -1.55 21.26 48.48 0.02
14.01 22.99 33.84 14.04 23.24 33.78 0.26
20.63 -4.60 42.17 20.27 -4.15 42.17 0.57
23.95 4.96 46.57 23.89 4.98 46.56 0.07
7.46 8.60 -8.96 7.46 8.66 -9.03 0.09
19.15 19.71 15.39 19.75 21.83 14.74 2.29
23.80 -2.53 37.12 23.61 -2.41 37.06 0.24
-9.50 8.79 56.38 -8.31 9.65 56.27 1.47
-6.49 0.83 42.64 -5.24 1.26 42.57 1.32
-28.02 -25.96 -15.75 -27.57 -25.42 -16.22 0.85
-4.44 -5.99 -38.45 -2.56 -5.13 -39.49 2.31
-31.17 -28.11 -31.17 -30.39 -26.79 -31.09 1.54
-10.81 7.95 -2.66 -10.93 8.31 -2.78 0.41
-6.36 -22.54 -38.28 -6.24 -22.66 -38.33 0.17
-0.45 11.02 60.50 -0.42 11.28 61.66 1.19
37.20 12.85 3.87 37.58 13.24 3.87 0.54
23.53 13.05 55.24 23.46 13.05 55.23 0.07
23.81 8.43 51.81 23.76 8.44 51.80 0.05
-5.18 -4.33 36.58 -4.00 -3.35 36.21 1.57
27.57 12.53 14.92 28.63 13.48 15.35 1.49
-18.45 -12.55 -49.14 -18.34 -12.54 -49.70 0.58
-24.62 -30.87 -28.92 -24.26 -29.62 -28.80 1.30
-28.96 -23.14 -42.70 -28.86 -22.58 -42.13 0.81
29.40 11.20 -20.55 30.21 12.26 -20.82 1.37
8.33 -7.51 25.67 8.34 -6.70 25.63 0.81
-0.02 -9.17 -36.51 1.01 -9.23 -37.00 1.14
8.95 22.52 -8.66 8.78 23.13 -8.90 0.69
-29.63 -29.17 -26.53 -28.93 -27.70 -26.52 1.63
11.76 20.97 8.28 12.06 24.26 9.17 3.43
-8.86 8.66 56.63 -8.00 9.23 56.49 1.04
32.12 3.53 16.54 32.76 3.71 16.92 0.77
-19.13 4.74 -10.12 -19.53 5.11 -9.75 0.66
8.62 -0.78 61.05 8.65 -1.06 62.01 1.00
-38.05 -20.97 -36.36 -36.08 -19.76 -35.72 2.40
-26.19 -30.18 -30.69 -25.88 -28.97 -30.43 1.27
-20.49 3.94 8.47 -17.62 3.51 8.53 2.90
-20.67 0.00 24.01 -18.17 4.29 24.42 4.98
24.46 21.00 -8.89 25.07 22.18 -9.15 1.35
32.45 9.90 -17.31 33.52 10.57 -17.67 1.31
1.48 20.25 0.62 1.95 19.71 0.74 0.73
7.65 -13.75 -25.52 7.06 -13.37 -24.91 0.93
33.61 -6.49 -22.52 33.09 -6.15 -22.16 0.72
-19.92 5.44 15.89 -18.54 5.22 16.24 1.44
-1.43 -13.24 -1.60 -1.35 -12.75 -1.85 0.55
-10.25 6.33 -20.27 -7.76 9.15 -19.40 3.86
15.64 12.45 -35.26 16.28 13.12 -33.04 2.42
-21.02 6.77 -13.11 -21.05 6.77 -12.94 0.17
-10.83 4.13 44.47 -9.16 6.51 43.87 2.97
7.15 -8.46 22.87 6.91 -7.87 22.62 0.68
20.78 -3.26 -26.93 22.57 -1.45 -26.15 2.67
-29.72 -1.78 -46.81 -29.68 -1.82 -46.73 0.10
-24.31 -30.23 -32.94 -24.14 -29.03 -32.55 1.27
34.77 14.60 8.41 35.12 15.06 8.69 0.64
4.66 -5.91 -25.32 4.51 -6.05 -25.14 0.27
-2.63 -11.72 -41.01 -2.11 -11.70 -41.58 0.78
27.06 13.42 15.14 27.92 14.20 15.50 1.22
-15.73 7.54 18.95 -17.53 8.59 18.38 2.17
-7.41 -25.58 -23.99 -7.01 -26.61 -23.98 1.11
-18.73 -10.40 -2.55 -17.48 -9.69 -3.56 1.75
-28.63 -11.84 -48.16 -28.61 -11.70 -47.92 0.28
15.45 -5.61 55.20 15.19 -5.04 55.15 0.62
-2.58 13.73 -7.17 -1.27 11.39 -5.22 3.31
-28.56 -5.17 -9.33 -28.39 -4.67 -8.15 1.29
-9.12 0.32 36.59 -7.01 0.91 35.90 2.29
-3.30 -20.96 -39.61 -3.71 -20.20 -38.97 1.07
1.08 22.36 51.30 1.10 22.27 51.31 0.09
-10.54 -25.07 -16.21 -10.50 -25.16 -16.18 0.10
-23.13 1.66 21.41 -19.46 5.42 22.59 5.39
21.82 -2.63 47.17 21.19 -1.98 47.14 0.90
-31.62 -21.56 -44.01 -30.69 -20.75 -42.66 1.83
5.93 -5.49 59.48 5.99 -5.32 59.48 0.18
-39.63 2.28 -22.06 -38.66 1.84 -22.13 1.07
-36.31 -21.24 -15.92 -35.13 -20.39 -16.74 1.67
-12.57 -25.68 -13.79 -12.58 -25.51 -13.83 0.17
9.42 -1.31 60.86 9.46 -1.59 61.83 1.01
26.84 -12.45 -21.59 26.66 -12.29 -21.36 0.33
12.77 -5.14 59.33 12.79 -5.30 59.34 0.16
-18.32 -1.45 18.49 -15.75 1.94 17.93 4.29
17.73 23.53 57.57 17.71 23.51 57.56 0.04
25.04 -9.29 10.19 24.88 -9.01 10.10 0.34
-7.85 17.48 51.19 -7.77 17.31 51.05 0.23
-11.73 14.22 48.09 -11.96 14.33 48.18 0.27
-11.98 -26.58 -36.56 -11.81 -26.91 -36.70 0.39
-18.52 -1.37 14.42 -15.52 0.74 13.50 3.78
-0.34 15.56 -11.97 3.58 17.23 -9.42 4.97
31.09 12.42 -14.08 32.30 13.17 -14.69 1.55
7.15 -11.27 -25.39 6.93 -11.27 -25.14 0.34
-9.40 -12.10 -47.03 -9.25 -12.15 -47.58 0.57
5.88 10.47 -23.29 8.73 11.75 -23.11 3.12
-14.97 8.62 7.95 -15.26 8.83 7.83 0.38
-23.49 -31.31 -28.87 -23.11 -29.95 -28.75 1.42
-5.74 -21.64 -11.82 -5.72 -21.54 -12.07 0.27
13.49 -6.80 40.86 13.57 -6.07 40.86 0.74
-24.48 9.90 33.50 -23.64 9.96 33.47 0.84
-6.36 -9.77 8.66 -5.58 -8.34 8.11 1.72
-13.15 -24.53 -13.75 -13.11 -25.45 -13.52 0.96
30.59 8.52 15.53 31.77 8.78 16.06 1.32
-11.71 8.84 10.84 -13.25 10.82 10.60 2.52
-23.30 -11.40 -50.53 -22.57 -10.76 -49.66 1.31
-22.28 10.91 32.95 -23.62 10.99 33.10 1.35
14.74 -17.07 -20.96 15.24 -15.82 -18.85 2.50
4.82 12.81 -23.36 7.69 14.10 -23.02 3.17
-31.77 -27.91 -31.33 -30.85 -26.48 -31.30 1.70
-21.46 -0.58 0.54 -19.06 -0.63 -0.09 2.49
-10.59 9.07 9.29 -11.79 11.36 8.72 2.64
8.49 -17.21 -21.90 7.80 -16.71 -21.70 0.88
34.33 11.95 -10.08 35.08 12.22 -10.45 0.88
-7.64 5.23 -16.76 -6.80 7.90 -17.21 2.84
13.97 22.29 13.91 13.94 22.68 13.92 0.39
-2.99 -1.21 -27.07 -0.80 -0.41 -27.82 2.45
30.00 -10.88 -20.67 29.88 -10.69 -20.68 0.23
-1.17 17.49 -1.21 -0.18 16.79 -0.77 1.29
27.04 19.76 -1.09 28.15 20.96 -1.10 1.64
-16.10 -28.97 -19.77 -16.17 -28.78 -19.82 0.21
-28.92 6.58 -11.39 -28.84 6.23 -11.81 0.56
-28.18 -16.63 -46.91 -28.20 -16.34 -46.51 0.49
-21.18 3.62 -10.51 -21.35 3.78 -10.35 0.28
4.11 -18.42 -28.47 3.96 -18.36 -28.41 0.17
5.91 -5.85 47.65 6.16 -5.23 47.70 0.67
6.96 -1.01 -19.42 7.29 -0.42 -19.78 0.77
-1.82 -14.11 -39.70 -1.41 -14.42 -40.21 0.73
-33.51 1.92 -10.76 -33.14 1.68 -11.54 0.89
-21.14 0.79 2.98 -18.50 1.10 1.87 2.88
-15.23 9.54 48.91 -15.18 10.58 46.51 2.62
-27.50 7.84 -11.31 -27.59 7.23 -12.24 1.12
24.15 14.11 41.58 24.60 14.24 41.64 0.47
-0.38 -12.19 8.85 0.27 -10.73 8.68 1.61
-2.17 -1.62 -26.67 -0.41 -0.98 -27.27 1.97
-3.34 -6.24 -37.26 -1.74 -5.35 -38.03 1.99
-40.77 -1.04 -28.16 -39.59 -0.45 -27.62 1.43
-3.78 -12.57 0.23 -3.54 -11.74 -0.07 0.91
-6.63 -22.48 -13.72 -6.59 -22.58 -13.71 0.11
-10.68 6.60 49.10 -8.89 8.01 48.50 2.36
11.62 -15.55 -22.37 11.11 -14.20 -21.34 1.76
-25.52 1.98 -46.43 -25.72 2.17 -46.85 0.50
16.16 -4.51 58.98 16.03 -4.29 58.97 0.26
-38.86 4.74 -29.44 -37.95 4.19 -29.40 1.07
24.41 2.36 41.75 24.61 2.30 41.81 0.21
-5.69 -13.36 -44.38 -5.54 -13.47 -44.56 0.26
14.61 -19.56 -18.42 15.63 -17.30 -17.83 2.55
32.44 15.72 -7.47 33.05 16.41 -7.49 0.92
32.87 2.68 15.89 33.43 2.84 16.23 0.67
-35.23 4.64 -38.44 -34.74 4.28 -38.23 0.65
-12.79 3.49 42.12 -11.48 6.58 41.00 3.54
-31.90 8.70 -33.28 -32.25 9.66 -33.64 1.08
-18.37 -31.27 -30.60 -18.34 -30.52 -30.43 0.77
1.67 9.47 -8.52 1.77 9.79 -8.71 0.39
24.17 13.01 50.14 23.90 12.95 50.10 0.28
-6.43 -22.71 -13.73 -6.48 -22.55 -13.75 0.17
-8.80 -23.16 -39.96 -8.67 -23.35 -40.08 0.26
15.33 0.81 59.98 15.60 0.79 61.67 1.71
-30.13 -27.06 -37.69 -29.44 -25.62 -36.98 1.74
29.57 -11.35 -21.92 29.45 -11.03 -21.69 0.41
-4.57 15.58 20.77 -5.46 17.24 20.76 1.89
23.76 -7.43 -26.32 25.06 -6.61 -24.74 2.20
-21.23 9.85 -15.03 -20.97 10.89 -13.93 1.54
29.65 -11.36 -16.41 30.31 -11.95 -16.58 0.90
-32.22 -20.03 -44.29 -31.39 -19.29 -43.07 1.65
-9.12 0.28 -42.76 -7.82 0.90 -43.57 1.66
34.21 -7.79 -16.50 33.97 -7.58 -16.46 0.32
0.34 -3.67 -26.26 0.92 -3.25 -26.85 0.93
32.72 -6.72 -24.15 32.07 -6.45 -23.85 0.76
24.32 5.58 44.33 24.47 5.54 44.36 0.15
-1.82 -1.31 51.95 -1.64 -1.14 51.94 0.24
10.96 -7.74 26.36 11.14 -6.77 26.29 0.98
33.11 12.64 -11.12 34.08 13.05 -11.77 1.24
-30.47 10.02 -19.51 -30.32 9.87 -19.56 0.22
-15.00 11.07 35.42 -14.79 5.74 36.94 5.55
-24.19 -29.33 -19.48 -24.35 -28.65 -19.73 0.74
-0.54 14.83 59.85 -0.52 14.96 61.06 1.22
-17.55 -25.43 -12.80 -17.54 -25.49 -12.73 0.09
4.41 -12.68 5.53 4.77 -11.75 5.42 1.00
-29.56 -22.96 -43.09 -29.09 -22.25 -42.33 1.14
10.83 -13.98 2.99 10.96 -13.32 2.86 0.69
-10.48 -25.53 -19.17 -10.08 -26.06 -18.98 0.70
19.91 -13.64 6.58 19.72 -13.20 6.30 0.55
-22.74 -31.22 -25.71 -22.62 -30.14 -25.71 1.08
-6.40 -4.47 -40.91 -4.58 -3.63 -41.92 2.24
-16.30 6.78 48.23 -16.84 9.29 45.67 3.62
5.57 22.72 58.53 5.65 23.17 58.84 0.55
-40.14 -17.91 -17.58 -38.40 -17.01 -18.75 2.28
19.77 9.08 -34.51 19.54 9.33 -32.62 1.92
38.21 8.12 -13.02 37.18 7.74 -12.75 1.12
-38.50 -10.22 -40.76 -36.59 -10.27 -40.22 1.99
-20.62 -31.18 -25.24 -20.56 -30.34 -25.42 0.86
-23.18 -10.97 -50.67 -22.55 -10.42 -49.92 1.12
11.07 2.78 -20.18 12.36 2.21 -18.49 2.20
-2.68 15.55 60.02 -2.73 15.71 60.97 0.97
-36.25 -23.27 -17.36 -34.71 -22.18 -18.01 2.00
5.13 22.42 44.16 5.13 22.33 44.19 0.10
5.91 -19.12 -15.29 5.86 -19.07 -15.29 0.08
-24.62 -4.06 -7.83 -24.61 -4.08 -7.87 0.05
6.88 -6.33 41.33 6.96 -5.43 41.35 0.90
-34.78 -7.70 -46.20 -33.49 -7.89 -45.47 1.50
-3.27 -10.40 13.51 -2.47 -8.99 13.30 1.63
-39.02 -19.48 -16.99 -37.49 -18.56 -17.84 1.98
35.32 14.70 2.41 35.55 14.96 2.38 0.34
27.76 -10.32 0.90 27.63 -10.19 0.86 0.19
2.53 19.71 -10.08 3.96 18.71 -9.34 1.89
-9.07 -27.04 -23.65 -8.99 -27.32 -23.57 0.30
17.87 1.59 -30.23 20.24 2.87 -28.83 3.03
2.87 12.52 59.87 2.75 12.80 61.37 1.53
5.50 -12.03 11.78 5.90 -11.30 11.54 0.87
16.49 -2.90 -21.86 16.67 -3.39 -19.85 2.08
-10.30 11.41 58.45 -8.96 11.57 58.17 1.37
10.60 22.05 28.31 10.37 22.94 28.23 0.92
10.42 7.10 -15.56 11.77 6.16 -14.72 1.85
-0.12 18.56 27.79 -0.47 19.83 27.69 1.31
-4.07 -3.58 45.24 -3.49 -2.36 44.85 1.41
-6.23 4.14 -22.30 -3.94 6.75 -22.39 3.47
17.43 22.60 -9.64 17.55 24.32 -9.91 1.75
40.11 2.47 -3.64 40.15 2.45 -3.64 0.04
-21.56 -29.05 -37.44 -21.31 -28.21 -37.04 0.97
-10.64 12.47 59.23 -8.90 12.56 59.00 1.75
14.65 -5.18 -21.21 14.64 -5.20 -21.19 0.03
-13.40 12.49 48.96 -12.61 12.96 47.98 1.34
4.55 -11.85 -28.18 4.73 -11.84 -28.25 0.20
4.33 -3.35 60.72 4.59 -3.78 61.65 1.06
14.10 -5.28 58.46 14.09 -5.20 58.46 0.08
21.43 19.56 48.55 21.37 19.52 48.53 0.08
34.37 -7.18 -11.75 34.76 -7.53 -11.78 0.53
19.84 19.98 11.08 20.64 21.85 11.23 2.05
17.86 -14.58 -21.88 18.35 -15.10 -20.89 1.22
5.09 22.50 58.81 5.18 23.03 59.17 0.65
-5.75 -8.57 16.46 -4.89 -7.19 16.29 1.64
20.51 -16.21 2.22 20.36 -15.33 1.82 0.98
2.81 20.20 36.55 2.59 21.23 36.40 1.07
8.42 -6.37 38.85 8.49 -5.55 38.84 0.82
-19.60 5.77 10.06 -17.30 5.25 10.02 2.36
-29.15 -17.61 -8.52 -28.98 -17.57 -8.72 0.27
21.17 18.64 13.10 22.71 20.19 14.52 2.61
-24.43 -3.06 -49.12 -24.40 -3.03 -49.20 0.09
0.68 22.26 52.64 0.69 22.23 52.64 0.04
13.43 23.33 58.52 12.84 24.15 59.08 1.16
-11.00 10.26 52.73 -9.27 10.84 52.40 1.86
-16.45 -13.41 -48.74 -16.34 -13.40 -49.32 0.59
26.06 -13.23 -21.97 25.76 -12.97 -21.61 0.53
18.87 -17.82 -22.43 19.33 -16.78 -22.39 1.14
5.81 -6.95 29.32 5.53 -6.41 29.08 0.65
23.70 2.85 46.45 23.42 2.93 46.41 0.29
33.55 13.44 -9.10 34.72 13.82 -9.48 1.29
-0.97 -1.62 56.19 -0.92 -1.57 56.19 0.07
-38.73 -14.84 -15.63 -37.71 -14.71 -16.47 1.32
-34.33 2.62 -40.54 -34.54 2.71 -40.64 0.25
-11.74 -24.39 -14.53 -11.39 -25.03 -14.33 0.76
36.13 13.99 7.20 36.44 14.31 7.20 0.45
23.24 -16.16 -2.23 23.09 -16.00 -2.35 0.25
-35.98 -22.65 -16.38 -34.78 -21.60 -17.50 1.95
8.49 -6.16 47.14 8.58 -5.56 47.19 0.61
-28.95 -26.28 -40.35 -28.25 -24.89 -39.67 1.70
29.48 7.61 20.81 30.03 7.74 20.98 0.59
8.92 21.89 27.33 8.77 22.46 27.30 0.59
6.49 -11.84 13.93 6.88 -11.14 13.71 0.82
-23.23 12.14 -29.95 -23.64 13.81 -30.34 1.76
-8.12 -0.18 -42.60 -7.24 0.25 -43.14 1.12
-2.34 -19.48 -10.46 -2.33 -19.53 -10.43 0.05
31.90 -4.79 8.98 32.05 -5.08 9.12 0.35
-2.26 -5.26 -33.77 -0.96 -4.21 -34.13 1.70
35.27 -3.95 -20.64 34.76 -3.80 -20.59 0.54
32.10 -7.67 0.32 32.00 -8.06 0.40 0.41
39.60 2.34 -16.52 39.21 2.21 -16.37 0.44
